#usda 1.0
(
    defaultPrim = "root"
    doc = "Blender v5.1.2"
    metersPerUnit = 1
    upAxis = "Y"
)

def Xform "root" (
    customData = {
        dictionary Blender = {
            bool generated = 1
        }
    }
)
{
    float3 xformOp:rotateXYZ = (-90, -0, 0)
    uniform token[] xformOpOrder = ["xformOp:rotateXYZ"]

    def SkelRoot "Root"
    {
        custom string userProperties:blender:object_name = "Root"
        float3 xformOp:rotateXYZ = (-0.000009334668, 0, 0)
        float3 xformOp:scale = (1, 1, 1)
        double3 xformOp:translate = (0, 0, 0)
        uniform token[] xformOpOrder = ["xformOp:translate", "xformOp:rotateXYZ", "xformOp:scale"]

        def Skeleton "Root" (
            prepend apiSchemas = ["SkelBindingAPI"]
        )
        {
            uniform matrix4d[] bindTransforms = [( (-5.205485535952903e-7, 1, -1.0991825405426425e-7, 0), (0, -1.099182469488369e-7, -0.9999999403953552, 0), (-1, -5.205485535952903e-7, -9.290978653098136e-9, 0), (0.3036327362060547, 0.11117057502269745, 0.20890644192695618, 1) ), ( (-0.9994968771934509, -0.0005357441259548068, 0.031711261719465256, 0), (0.0005070664337836206, -0.9999994039535522, -0.000915653130505234, 0), (0.031711746007204056, -0.0008991128415800631, 0.999496579170227, 0), (0.32587313652038574, 0.18202313780784607, 0.029004961252212524, 1) ), ( (0.9789472818374634, 0.20410515367984772, 3.8370490074157715e-7, 0), (-0.20410527288913727, 0.9789488911628723, 0, 0), (-2.384185791015625e-7, -6.222398951649666e-8, 0.9999999403953552, 0), (0.3547116816043854, -0.12489522993564606, 0.02885645627975464, 1) ), ( (0.9849774241447449, 0.11463615298271179, 0.12913063168525696, 0), (0.16955414414405823, -0.7836093902587891, -0.5976683497428894, 0), (0.03267311677336693, 0.6105854511260986, -0.791275680065155, 0), (0.3036327064037323, 0.11117050051689148, 0.20890647172927856, 1) ), ( (0.9849774241447449, 0.11463598906993866, 0.12913081049919128, 0), (0.16955412924289703, -0.7836094498634338, -0.5976682901382446, 0), (0.032673370093107224, 0.6105853915214539, -0.791275680065155, 0), (0.3547116219997406, -0.12489520758390427, 0.028856322169303894, 1) ), ( (1, 1.741352662065765e-8, 9.291033720160158e-9, 0), (0, 0.9999999403953552, -2.1171371145101148e-7, 0), (3.853928759239497e-15, 2.117137256618662e-7, 0.9999999403953552, 0), (0.3036327362060547, 0.11117056757211685, 0.20890650153160095, 1) ), ( (1, 1.741352662065765e-8, 1.129692606127719e-8, 0), (-1.2823722875272768e-25, 0.9999999403953552, -2.0359092900434916e-7, 0), (-2.0058890104479588e-9, 2.0359094321520388e-7, 0.9999999403953552, 0), (0.3036327362060547, 0.4039372205734253, 0.20890644192695618, 1) ), ( (1, -3.178655560986954e-8, -1.6767404531492502e-7, 0), (1.769651021277241e-7, 2.8688342013083457e-7, 0.9999999403953552, 0), (-3.178649876645068e-8, -1, 2.8688342013083457e-7, 0), (0.2749917805194855, -0.5067871809005737, 0.7503727674484253, 1) ), ( (1, -3.1786505871878035e-8, 9.291042601944355e-9, 0), (-3.493917733799791e-15, 1.7696513054943352e-7, 0.9999999403953552, 0), (-3.178649876645068e-8, -1, 1.7696513054943352e-7, 0), (0.27499184012413025, -0.5067870616912842, 1.0871883630752563, 1) ), ( (-5.205485535952903e-7, 1, -1.0991825405426425e-7, 0), (0, -1.099182469488369e-7, -0.9999999403953552, 0), (-1, -5.205485535952903e-7, -9.290978653098136e-9, 0), (-0.30159491300582886, 0.11117057502269745, 0.20890644192695618, 1) ), ( (-0.9994964599609375, 0.0004776709247380495, 0.03172419220209122, 0), (-0.000506871088873595, -0.9999993443489075, -0.0009156531887128949, 0), (0.0317237488925457, -0.0009312722249887884, 0.9994961619377136, 0), (-0.3238353431224823, 0.18202313780784607, 0.029004961252212524, 1) ), ( (0.9789473414421082, -0.2041051685810089, 3.1478703022003174e-7, 0), (0.20410506427288055, 0.9789488315582275, 4.656612873077393e-10, 0), (-2.1979212760925293e-7, 5.966285243630409e-8, 0.9999998211860657, 0), (-0.35267382860183716, -0.12489517033100128, 0.02885645627975464, 1) ), ( (0.9849774241447449, -0.15484905242919922, -0.0764070600271225, 0), (-0.16955409944057465, -0.7836095094680786, -0.5976682305335999, 0), (0.03267505392432213, 0.601645827293396, -0.7980944514274597, 0), (-0.30159491300582886, 0.11117058247327805, 0.20890650153160095, 1) ), ( (0.9849774241447449, -0.15484903752803802, -0.07640717923641205, 0), (-0.16955415904521942, -0.7836094498634338, -0.5976682901382446, 0), (0.03267496079206467, 0.6016458868980408, -0.7980943918228149, 0), (-0.35267382860183716, -0.12489522248506546, 0.028856322169303894, 1) ), ( (1, 1.741358346407651e-8, 9.291033720160158e-9, 0), (0, 0.9999999403953552, -2.1171368302930205e-7, 0), (3.853945699898442e-15, 2.1171369724015676e-7, 0.9999999403953552, 0), (-0.30159491300582886, 0.11117057502269745, 0.20890650153160095, 1) ), ( (1, 1.741358346407651e-8, 1.129692606127719e-8, 0), (-1.2810154467702967e-25, 0.9999999403953552, -2.0359090058263973e-7, 0), (-2.0058890104479588e-9, 2.0359091479349445e-7, 0.9999999403953552, 0), (-0.30159491300582886, 0.40393728017807007, 0.20890644192695618, 1) ), ( (1, -3.178655560986954e-8, -1.6767404531492502e-7, 0), (1.769651021277241e-7, 2.8688342013083457e-7, 0.9999999403953552, 0), (-3.178649876645068e-8, -1, 2.8688342013083457e-7, 0), (-0.27295389771461487, -0.5067871809005737, 0.7503727674484253, 1) ), ( (1, -3.1786505871878035e-8, 9.291042601944355e-9, 0), (-3.493917733799791e-15, 1.7696513054943352e-7, 0.9999999403953552, 0), (-3.178649876645068e-8, -1, 1.7696513054943352e-7, 0), (-0.2729538381099701, -0.5067870616912842, 1.0871883630752563, 1) ), ( (-0.999995768070221, -0.00018603070930112153, -0.002886139787733555, 0), (0.0028861388564109802, 2.7770329324994236e-7, -0.9999957084655762, 0), (0.00018603102944325656, -1, 2.3477605282096192e-7, 0), (0.0005543182487599552, -0.06887967884540558, 1.7208877801895142, 1) ), ( (1, -4.0745362639427185e-10, 7.421676051500015e-10, 0), (5.138821035366448e-10, -5.684341886080802e-14, 0.9999998807907104, 0), (-1.0186340659856796e-10, -1, -2.4432495138171362e-8, 0), (0.001018916955217719, -0.068879634141922, 1.3989367485046387, 1) ), ( (1, -2.6872936587096774e-7, -1.1828062973506803e-8, 0), (3.029403217169602e-8, 0.06421536207199097, 0.997935950756073, 0), (-2.6702954869506357e-7, -0.9979360699653625, 0.06421533226966858, 0), (0.0010189168388023973, -0.068879634141922, 1.7208884954452515, 1) ), ( (1, 2.3598110487910162e-7, -2.6215801085527346e-8, 0), (4.440892098500626e-15, 0.11548701673746109, 0.9933089017868042, 0), (2.3787833924870938e-7, -0.9933090209960938, 0.1154869794845581, 0), (0.001018923125229776, -0.0553072951734066, 1.9318088293075562, 1) ), ( (1, 2.378639578637376e-7, -8.466877865487277e-9, 0), (1.7763568394002505e-15, 0.04078961908817291, 0.9991676807403564, 0), (2.383679174045028e-7, -0.999167799949646, 0.040789589285850525, 0), (0.0010189233580604196, -0.02532525546848774, 2.189685821533203, 1) ), ( (1, 2.2683195766148856e-7, 8.122451333747449e-8, 0), (-7.105427357601002e-15, -0.3320898115634918, 0.9432477355003357, 0), (2.408037005352526e-7, -0.9432477951049805, -0.3320898115634918, 0), (0.001018923125229776, -0.01359710842370987, 2.4769744873046875, 1) ), ( (1, 2.378019843263246e-7, 2.4967071965420473e-8, 0), (0, -0.09909099340438843, 0.9950783252716064, 0), (2.3928527070893324e-7, -0.9950783848762512, -0.09909100830554962, 0), (0.001018923125229776, -0.04639320820569992, 2.5701262950897217, 1) ), ( (1, 2.378019843263246e-7, 2.4967075518134152e-8, 0), (1.2548157838862019e-17, -0.09909100830554962, 0.9950783252716064, 0), (2.3928527070893324e-7, -0.9950783848762512, -0.09909102320671082, 0), (0.001018923125229776, -0.09738621860742569, 3.0822014808654785, 1) ), ( (0.08872587978839874, -0.9960547685623169, -0.0016991086304187775, 0), (0.9044665694236755, 0.08128176629543304, -0.4187285900115967, 0), (0.41721469163894653, 0.03561532124876976, 0.908109724521637, 0), (0.08929930627346039, -0.068879634141922, 2.4044322967529297, 1) ), ( (-0.0810810923576355, 0.0041276924312114716, -0.996698796749115, 0), (0.9964213371276855, 0.024287376552820206, -0.08095797896385193, 0), (0.023873090744018555, -0.9996965527534485, -0.006082216277718544, 0), (0.2514791488647461, -0.054304976016283035, 2.3293495178222656, 1) ), ( (-0.10617123544216156, 0.031182609498500824, -0.9938586354255676, 0), (0.9897838234901428, -0.09233830869197845, -0.1086331233382225, 0), (-0.09515862911939621, -0.9952393770217896, -0.021060414612293243, 0), (0.7639995217323303, -0.04181249812245369, 2.287707805633545, 1) ), ( (0.009255245327949524, 0.9967788457870483, 0.07966410368680954, 0), (0.9933184385299683, 9.685754776000977e-8, -0.11540393531322479, 0), (-0.11503216624259949, 0.08019991964101791, -0.9901188611984253, 0), (1.1434069871902466, -0.07720795273780823, 2.2460663318634033, 1) ), ( (-0.013524239882826805, 0.9971850514411926, -0.07375074923038483, 0), (0.9835988283157349, 6.612390279769897e-8, -0.18036861717700958, 0), (-0.17986083030700684, -0.07498052716255188, -0.980830192565918, 0), (1.22464120388031, -0.07720796018838882, 2.236628770828247, 1) ), ( (0.1425202190876007, 0.9897840619087219, 0.003954671323299408, 0), (0.9127667546272278, -0.12988312542438507, -0.3872813582420349, 0), (-0.38281118869781494, 0.058805160224437714, -0.9219529628753662, 0), (1.3357948064804077, -0.07720793783664703, 2.216245412826538, 1) ), ( (0.1768454909324646, 0.9799321293830872, -0.0919724851846695, 0), (0.8733143210411072, -0.1993248015642166, -0.44451263546943665, 0), (-0.4539244472980499, -0.0017108246684074402, -0.8910384178161621, 0), (1.4171090126037598, -0.08877860754728317, 2.18174409866333, 1) ), ( (0.176845520734787, 0.9799321293830872, -0.09197257459163666, 0), (0.8733143210411072, -0.1993248611688614, -0.44451266527175903, 0), (-0.4539244771003723, -0.0017108869506046176, -0.8910384178161621, 0), (1.5185003280639648, -0.1119200736284256, 2.130136489868164, 1) ), ( (0.13937468826770782, -0.3217203915119171, 0.9365204572677612, 0), (0.3078467845916748, -0.8848111033439636, -0.3497709631919861, 0), (0.9411719441413879, 0.33705413341522217, -0.024279702454805374, 0), (1.1978360414505005, -0.14044353365898132, 2.219041347503662, 1) ), ( (0.13010390102863312, -0.24678876996040344, 0.9602959156036377, 0), (0.6454139947891235, -0.7141523957252502, -0.270974338054657, 0), (0.7526708245277405, 0.6550434231758118, 0.06636688113212585, 0), (1.2304619550704956, -0.2342165857553482, 2.181971788406372, 1) ), ( (0.13010390102863312, -0.24678876996040344, 0.9602959156036377, 0), (0.6454139947891235, -0.7141523957252502, -0.270974338054657, 0), (0.7526708245277405, 0.6550434231758118, 0.06636688113212585, 0), (1.3096528053283691, -0.3218415081501007, 2.148723840713501, 1) ), ( (0.08872625231742859, -0.9243515133857727, -0.3710820972919464, 0), (-0.9044663310050964, 0.08128176629543304, -0.4187287986278534, 0), (0.4172148108482361, 0.3727835416793823, -0.8288329243659973, 0), (-0.08726150542497635, -0.0688796266913414, 2.4044322967529297, 1) ), ( (0.030686184763908386, 0.9964215755462646, -0.07875564694404602, 0), (-0.9964216351509094, 0.024287447333335876, -0.08095800876617432, 0), (-0.07875555753707886, 0.08095815777778625, 0.9936010837554932, 0), (-0.24944132566452026, -0.054304882884025574, 2.3293497562408447, 1) ), ( (-0.1061718612909317, 0.9858999848365784, 0.1293397694826126, 0), (-0.9897840023040771, -0.092338427901268, -0.10863387584686279, 0), (-0.0951591283082962, -0.1395522952079773, 0.9856315851211548, 0), (-0.7619621157646179, -0.041812483221292496, 2.287708282470703, 1) ), ( (0.009255236014723778, 0.9967789053916931, -0.07966239750385284, 0), (-0.9933187365531921, 1.0570511221885681e-7, -0.11540380865335464, 0), (-0.11503211408853531, 0.0801982432603836, 0.9901190400123596, 0), (-1.1413692235946655, -0.07720797508955002, 2.2460665702819824, 1) ), ( (-0.013523629866540432, 0.9971851706504822, 0.0737481340765953, 0), (-0.9835991263389587, 6.705522537231445e-8, -0.18036846816539764, 0), (-0.17986081540584564, -0.07497783750295639, 0.9808303713798523, 0), (-1.2226035594940186, -0.07720791548490524, 2.236628532409668, 1) ), ( (-0.09619196504354477, 0.9897840619087219, -0.10523548722267151, 0), (-0.9127676486968994, -0.12988333404064178, -0.387279748916626, 0), (-0.3969917297363281, 0.05880235135555267, 0.9159364700317383, 0), (-1.3337574005126953, -0.07720782607793808, 2.216245412826538, 1) ), ( (-0.17842893302440643, 0.9799319505691528, -0.088861383497715, 0), (-0.8733137249946594, -0.1993245929479599, -0.44451436400413513, 0), (-0.4533061683177948, -0.0017103515565395355, 0.891353189945221, 0), (-1.4150718450546265, -0.08877857774496078, 2.1817448139190674, 1) ), ( (-0.17842890322208405, 0.9799319505691528, -0.08886132389307022, 0), (-0.8733136653900146, -0.19932453334331512, -0.44451427459716797, 0), (-0.45330610871315, -0.0017103825230151415, 0.8913532495498657, 0), (-1.516463041305542, -0.11192004382610321, 2.1301369667053223, 1) ), ( (0.10950026661157608, -0.39813119173049927, 0.910769522190094, 0), (-0.3078483045101166, -0.8848103284835815, -0.3497713804244995, 0), (0.9451134204864502, -0.24207884073257446, -0.21945098042488098, 0), (-1.1957981586456299, -0.14044353365898132, 2.219040870666504, 1) ), ( (0.13010570406913757, -0.4523566663265228, 0.8822957873344421, 0), (-0.6454139947891235, -0.7141523957252502, -0.27097436785697937, 0), (0.75267094373703, -0.5341907739639282, -0.3848726153373718, 0), (-1.228424310684204, -0.23421651124954224, 2.181972026824951, 1) ), ( (0.13010603189468384, -0.45235684514045715, 0.8822956085205078, 0), (-0.6454139947891235, -0.7141523957252502, -0.270974338054657, 0), (0.7526708841323853, -0.5341905951499939, -0.3848729729652405, 0), (-1.3076151609420776, -0.32184141874313354, 2.14872407913208, 1) ), ( (0.9777286648750305, 0.03226396441459656, 0.20739218592643738, 0), (0.20326048135757446, 0.10075152665376663, -0.9739274978637695, 0), (-0.052320390939712524, 0.9943889379501343, 0.09194853156805038, 0), (0.15168844163417816, -0.06887971609830856, 1.4173057079315186, 1) ), ( (0.9976914525032043, -0.01707623153924942, 0.06577187776565552, 0), (0.06775650382041931, 0.17688772082328796, -0.9818965196609497, 0), (0.005130574107170105, 0.9840835332870483, 0.17763511836528778, 0), (0.25411176681518555, -0.018110841512680054, 0.9265419244766235, 1) ), ( (0.984981894493103, 0.11463376879692078, 0.12913119792938232, 0), (0.1695541888475418, -0.7836098670959473, -0.5976687073707581, 0), (0.032672714442014694, 0.6105865240097046, -0.7912763357162476, 0), (0.3036327362060547, 0.11117056757211685, 0.20890605449676514, 1) ), ( (-0.9928058981895447, -0.11975542455911636, 0.00006374716758728027, 0), (0.1196618601679802, -0.9920262098312378, -0.039573997259140015, 0), (0.004804061725735664, -0.03928235173225403, 0.99921715259552, 0), (0.3547116816043854, -0.12489515542984009, 0.028855949640274048, 1) ), ( (-0.9928058981895447, -0.1197553351521492, 0.000060850630688946694, 0), (0.11966188251972198, -0.9920262098312378, -0.039574041962623596, 0), (0.00480118952691555, -0.03928274288773537, 0.99921715259552, 0), (0.3802279233932495, -0.33643096685409546, 0.020417345687747, 1) ), ( (0.9784824848175049, 0.057002365589141846, -0.1983150839805603, 0), (-0.20326051115989685, 0.10075153410434723, -0.97392737865448, 0), (-0.035532623529434204, 0.9932783842086792, 0.11016867309808731, 0), (-0.14965060353279114, -0.06887971609830856, 1.4173057079315186, 1) ), ( (0.9976868629455566, 0.017883319407701492, -0.06562622636556625, 0), (-0.0677565410733223, 0.17688772082328796, -0.9818963408470154, 0), (-0.0059481896460056305, 0.9840696454048157, 0.17768871784210205, 0), (-0.2520740032196045, -0.01811082288622856, 0.9265418648719788, 1) ), ( (0.9849817156791687, -0.15484584867954254, -0.07640799880027771, 0), (-0.16955415904521942, -0.7836101055145264, -0.5976687073707581, 0), (0.03267558664083481, 0.6016479134559631, -0.7980942130088806, 0), (-0.30159497261047363, 0.11117059737443924, 0.20890623331069946, 1) ), ( (-0.9928058385848999, 0.11937066912651062, 0.009570017457008362, 0), (-0.11966197192668915, -0.9920269250869751, -0.039574116468429565, 0), (0.004768138751387596, -0.040435582399368286, 0.9991710186004639, 0), (-0.35267388820648193, -0.12489520758390427, 0.028856053948402405, 1) ), ( (-0.9928058385848999, 0.11937066167593002, 0.009569519199430943, 0), (-0.11966194212436676, -0.9920269250869751, -0.039574094116687775, 0), (0.0047676474787294865, -0.04043550044298172, 0.9991710186004639, 0), (-0.37819012999534607, -0.33643102645874023, 0.020417429506778717, 1) )]
            uniform token[] joints = ["LeftFootCtrl", "LeftFootCtrl/LeftHeelRoll", "LeftFootCtrl/LeftHeelRoll/LeftToeRoll", "LeftFootCtrl/LeftHeelRoll/LeftToeRoll/LeftFootIK", "LeftFootCtrl/LeftHeelRoll/LeftToeRoll/LeftFootIK/LeftFootIK_end", "LeftFootCtrl/LeftFootRollCtrl", "LeftFootCtrl/LeftFootRollCtrl/LeftFootRollCtrl_end", "LeftFootCtrl/LeftKneeCtrl", "LeftFootCtrl/LeftKneeCtrl/LeftKneeCtrl_end", "RightFootCtrl", "RightFootCtrl/RightHeelRoll", "RightFootCtrl/RightHeelRoll/RightToeRoll", "RightFootCtrl/RightHeelRoll/RightToeRoll/RightFootIK", "RightFootCtrl/RightHeelRoll/RightToeRoll/RightFootIK/RightFootIK_end", "RightFootCtrl/RightFootRollCtrl", "RightFootCtrl/RightFootRollCtrl/RightFootRollCtrl_end", "RightFootCtrl/RightKneeCtrl", "RightFootCtrl/RightKneeCtrl/RightKneeCtrl_end", "HipsCtrl", "HipsCtrl/Hips", "HipsCtrl/Hips/Spine", "HipsCtrl/Hips/Spine/Chest", "HipsCtrl/Hips/Spine/Chest/UpperChest", "HipsCtrl/Hips/Spine/Chest/UpperChest/Neck", "HipsCtrl/Hips/Spine/Chest/UpperChest/Neck/Head", "HipsCtrl/Hips/Spine/Chest/UpperChest/Neck/Head/Head_end", "HipsCtrl/Hips/Spine/Chest/UpperChest/LeftShoulder", "HipsCtrl/Hips/Spine/Chest/UpperChest/LeftShoulder/LeftArm", "HipsCtrl/Hips/Spine/Chest/UpperChest/LeftShoulder/LeftArm/LeftForeArm", "HipsCtrl/Hips/Spine/Chest/UpperChest/LeftShoulder/LeftArm/LeftForeArm/LeftHand", "HipsCtrl/Hips/Spine/Chest/UpperChest/LeftShoulder/LeftArm/LeftForeArm/LeftHand/LeftHandIndex1", "HipsCtrl/Hips/Spine/Chest/UpperChest/LeftShoulder/LeftArm/LeftForeArm/LeftHand/LeftHandIndex1/LeftHandIndex2", "HipsCtrl/Hips/Spine/Chest/UpperChest/LeftShoulder/LeftArm/LeftForeArm/LeftHand/LeftHandIndex1/LeftHandIndex2/LeftHandIndex3", "HipsCtrl/Hips/Spine/Chest/UpperChest/LeftShoulder/LeftArm/LeftForeArm/LeftHand/LeftHandIndex1/LeftHandIndex2/LeftHandIndex3/LeftHandIndex3_end", "HipsCtrl/Hips/Spine/Chest/UpperChest/LeftShoulder/LeftArm/LeftForeArm/LeftHand/LeftHandThumb1", "HipsCtrl/Hips/Spine/Chest/UpperChest/LeftShoulder/LeftArm/LeftForeArm/LeftHand/LeftHandThumb1/LeftHandThumb2", "HipsCtrl/Hips/Spine/Chest/UpperChest/LeftShoulder/LeftArm/LeftForeArm/LeftHand/LeftHandThumb1/LeftHandThumb2/LeftHandThumb2_end", "HipsCtrl/Hips/Spine/Chest/UpperChest/RightShoulder", "HipsCtrl/Hips/Spine/Chest/UpperChest/RightShoulder/RightArm", "HipsCtrl/Hips/Spine/Chest/UpperChest/RightShoulder/RightArm/RightForeArm", "HipsCtrl/Hips/Spine/Chest/UpperChest/RightShoulder/RightArm/RightForeArm/RightHand", "HipsCtrl/Hips/Spine/Chest/UpperChest/RightShoulder/RightArm/RightForeArm/RightHand/RightHandIndex1", "HipsCtrl/Hips/Spine/Chest/UpperChest/RightShoulder/RightArm/RightForeArm/RightHand/RightHandIndex1/RightHandIndex2", "HipsCtrl/Hips/Spine/Chest/UpperChest/RightShoulder/RightArm/RightForeArm/RightHand/RightHandIndex1/RightHandIndex2/RightHandIndex3", "HipsCtrl/Hips/Spine/Chest/UpperChest/RightShoulder/RightArm/RightForeArm/RightHand/RightHandIndex1/RightHandIndex2/RightHandIndex3/RightHandIndex3_end", "HipsCtrl/Hips/Spine/Chest/UpperChest/RightShoulder/RightArm/RightForeArm/RightHand/RightHandThumb1", "HipsCtrl/Hips/Spine/Chest/UpperChest/RightShoulder/RightArm/RightForeArm/RightHand/RightHandThumb1/RightHandThumb2", "HipsCtrl/Hips/Spine/Chest/UpperChest/RightShoulder/RightArm/RightForeArm/RightHand/RightHandThumb1/RightHandThumb2/RightHandThumb2_end", "HipsCtrl/Hips/LeftUpLeg", "HipsCtrl/Hips/LeftUpLeg/LeftLeg", "HipsCtrl/Hips/LeftUpLeg/LeftLeg/LeftFoot", "HipsCtrl/Hips/LeftUpLeg/LeftLeg/LeftFoot/LeftToes", "HipsCtrl/Hips/LeftUpLeg/LeftLeg/LeftFoot/LeftToes/LeftToes_end", "HipsCtrl/Hips/RightUpLeg", "HipsCtrl/Hips/RightUpLeg/RightLeg", "HipsCtrl/Hips/RightUpLeg/RightLeg/RightFoot", "HipsCtrl/Hips/RightUpLeg/RightLeg/RightFoot/RightToes", "HipsCtrl/Hips/RightUpLeg/RightLeg/RightFoot/RightToes/RightToes_end"]
            float[] primvars:blender:bone_lengths = [0.33891463, 0.30827022, 0.3012543, 0.3012543, 0.30125436, 0.2927667, 0.29276666, 0.33681566, 0.33681574, 0.33891463, 0.30827025, 0.3012543, 0.3012544, 0.30125433, 0.29276672, 0.2927667, 0.33681566, 0.33681574, 0.3219513, 0.20850696, 0.21135658, 0.2596141, 0.25333178, 0.09875645, 0.5146079, 0.5146079, 0.1793096, 0.51435906, 0.38332212, 0.08474108, 0.113006815, 0.089085296, 0.11609931, 0.11609932, 0.10598102, 0.122697785, 0.12269777, 0.1793095, 0.51435924, 0.38332155, 0.08474116, 0.11300688, 0.08908507, 0.11609942, 0.11609941, 0.10598088, 0.122697756, 0.12269777, 0.5039018, 0.7308671, 0.3012542, 0.21323612, 0.21323618, 0.50390184, 0.7308669, 0.30125427, 0.21323597, 0.21323605] (
                interpolation = "uniform"
            )
            uniform matrix4d[] restTransforms = [( (-5.205485535952903e-7, 1, -1.1393000676207521e-7, 0), (-7.75037278799573e-8, -1.13930042289212e-7, -0.9999999403953552, 0), (-1, -5.205485535952903e-7, 6.82127421214318e-8, 0), (0.1536327302455902, 0.11117055267095566, 0.20890644192695618, 1) ), ( (-0.0005352101288735867, -0.03171130642294884, 0.9994967579841614, 0), (-0.9999991059303284, 0.0009180380729958415, -0.0005064563010819256, 0), (-0.0009015158866532147, -0.999496579170227, -0.03171177953481674, 0), (0.07085254043340683, 0.17990149557590485, -0.02224038541316986, 1) ), ( (-0.9785642623901367, -0.20360872149467468, 0.030861133709549904, 0), (0.20347809791564941, -0.9790520071983337, -0.007350244093686342, 0), (0.0317111499607563, -0.0009131354745477438, 0.9994967579841614, 0), (-0.028664246201515198, 0.3069329559803009, 0.001042056828737259, 1) ), ( (0.9876419305801392, -0.08881637454032898, 0.12913022935390472, 0), (0.006045793183147907, -0.8017204999923706, -0.5976681113243103, 0), (0.15660907328128815, 0.5910629034042358, -0.7912757396697998, 0), (-0.0018213391304016113, 0.2415216863155365, 0.18005000054836273, 0.9999999403953552) ), ( (1, 7.450580596923828e-9, -2.4586915969848633e-7, 0), (-1.4901161193847656e-8, 1, -1.1920928955078125e-7, 0), (2.4586915969848633e-7, 1.1920928955078125e-7, 1, 0), (-1.4901161193847656e-8, 0.3012543022632599, -2.9802322387695312e-8, 1) ), ( (2.0341379070032417e-7, 1.4210854715202004e-14, -1, 0), (0.9999999403953552, 1.9470721213110664e-7, 1.8600039197735896e-7, 0), (1.9470719792025193e-7, -1, 7.105427357601002e-15, 0), (0, -8.940696716308594e-8, 0, 1) ), ( (1, 2.0433910910989256e-14, 2.0058834593328356e-9, 0), (-3.355240144422601e-14, 1, 8.122754024952883e-9, 0), (-2.0058905647601932e-9, -8.122754024952883e-9, 1, 0), (0, 0.2927667200565338, 1.4901161193847656e-8, 1) ), ( (3.1391638799505017e-7, 1.7696527265798068e-7, -1, 0), (8.95422971325388e-8, -1, -1.7696524423627125e-7, 0), (-1, -8.95422473945473e-8, -3.1391644483846903e-7, 0), (-0.6179578304290771, -0.5414662957191467, 0.02864130586385727, 1) ), ( (1, 1.769651021277241e-7, -1.3879438675028655e-14, 0), (-1.769651021277241e-7, 1, 1.0991828958140104e-7, 0), (3.3036832818023054e-14, -1.0991828958140104e-7, 1, 0), (7.450580596923828e-9, 0.33681565523147583, 0, 1) ), ( (-5.205485535952903e-7, 1, -1.1393000676207521e-7, 0), (-7.75037278799573e-8, -1.13930042289212e-7, -0.9999999403953552, 0), (-1, -5.205485535952903e-7, 6.82127421214318e-8, 0), (-0.15159490704536438, 0.11117058992385864, 0.20890644192695618, 1) ), ( (0.00047795602586120367, -0.031724270433187485, 0.9994964003562927, 0), (-0.999999463558197, 0.0009214652236551046, 0.0005073409411124885, 0), (-0.0009370960178785026, -0.9994962811470032, -0.03172381967306137, 0), (0.07085259258747101, 0.17990148067474365, 0.022240430116653442, 1) ), ( (-0.9785520434379578, 0.2036086618900299, 0.031246362254023552, 0), (-0.20353475213050842, -0.979051947593689, 0.005561122205108404, 0), (0.03172406926751137, -0.0009178672335110605, 0.9994962811470032, 0), (0.02867269515991211, 0.3069329857826233, -0.000777464359998703, 1) ), ( (0.9958497285842896, 0.04944997653365135, -0.07640741765499115, 0), (-0.006046269554644823, -0.8017207384109497, -0.5976682305335999, 0), (-0.09081210196018219, 0.5956497192382812, -0.798094630241394, 0), (0.0018214583396911621, 0.24152180552482605, 0.1800500750541687, 1) ), ( (1, 5.21540641784668e-8, 1.0803341865539551e-7, 0), (-7.450580596923828e-8, 1, 8.940696716308594e-8, 0), (-1.0058283805847168e-7, 0, 1, 0), (0, 0.30125439167022705, 0, 1) ), ( (2.0341384754374303e-7, 1.4210854715202004e-14, -1, 0), (0.9999999403953552, 1.9470718370939721e-7, 1.8600039197735896e-7, 0), (1.947071694985425e-7, -1, 7.105427357601002e-15, 0), (0, -7.450580596923828e-8, 0, 1) ), ( (1, 2.043390921692336e-14, 2.0058834593328356e-9, 0), (-3.35524048323578e-14, 1, 8.122754024952883e-9, 0), (-2.0058905647601932e-9, -8.122754024952883e-9, 1, 0), (0, 0.2927667498588562, 2.9802322387695312e-8, 1) ), ( (3.1391638799505017e-7, 1.7696527265798068e-7, -1, 0), (8.95422971325388e-8, -1, -1.7696524423627125e-7, 0), (-1, -8.95422473945473e-8, -3.1391644483846903e-7, 0), (-0.6179578304290771, -0.5414662957191467, -0.028640665113925934, 1) ), ( (1, 1.769651021277241e-7, -1.3879438675028655e-14, 0), (-1.769651021277241e-7, 1, 1.0991828958140104e-7, 0), (3.3036832818023054e-14, -1.0991828958140104e-7, 1, 0), (7.450580596923828e-9, 0.3368157148361206, 0, 1) ), ( (-0.9999957084655762, -0.00018603114585857838, -0.002886203583329916, 0), (0.002886202884837985, 2.425794889404642e-7, -0.9999957084655762, 0), (0.00018603137868922204, -1, 2.699129595384875e-7, 0), (0.0005543182487599552, -0.06887967884540558, 1.7208877801895142, 1) ), ( (-0.9999958872795105, 0.0028862098697572947, 0.00018603044736664742, 0), (-0.0028862101025879383, -0.9999958872795105, 2.592084911157144e-7, 0), (0.00018603040371090174, -2.777154577415786e-7, 0.9999999403953552, 0), (0.0004645991139113903, 0.3219512701034546, -5.21540641784668e-8, 1) ), ( (1.0000040531158447, -1.2453918785126916e-8, 2.6833490096578316e-7, 0), (2.9659318556696235e-8, 0.9979360103607178, -0.06421534717082977, 0), (-2.669802086074924e-7, 0.06421533972024918, 0.997935950756073, 0), (1.1641532182693481e-10, 0.32195186614990234, 0, 1) ), ( (1, 1.8052105588139966e-8, -5.045927764513181e-7, 0), (-4.399602104854239e-8, 0.9986749887466431, -0.05146297067403793, 0), (5.029951353208162e-7, 0.051462963223457336, 0.9986750483512878, 0), (-1.1641532182693481e-10, 0.211356520652771, 0, 1.0000001192092896) ), ( (1, 1.784760605971769e-8, 1.7955281705894777e-10, 0), (-1.7810958041764025e-8, 0.9971930384635925, 0.07487422227859497, 0), (1.157275053564888e-9, -0.07487423717975616, 0.9971931576728821, 0), (2.3283064365386963e-10, 0.25961410999298096, 0, 1.0000001192092896) ), ( (1, 8.916677529668959e-8, 1.4681270421590398e-8, 0), (-8.826482655877044e-8, 0.9289169907569885, 0.3702881634235382, 0), (1.937967653020678e-8, -0.3702881336212158, 0.9289169907569885, 0), (-1.1641532182693481e-10, 0.28752851486206055, 7.450580596923828e-9, 1.0000001192092896) ), ( (1.0000040531158447, -5.670790415024385e-8, 8.33512814324422e-9, 0), (5.706749561795732e-8, 0.9715120196342468, -0.2369879186153412, 0), (5.341392217417251e-9, 0.2369881570339203, 0.9715129137039185, 0), (0, 0.09875631332397461, 1.1920928955078125e-7, 1) ), ( (1, 3.552713678800501e-15, -1.2878587085651816e-14, 0), (-5.329070518200751e-15, 1, 1.4901161193847656e-8, 0), (1.2212453270876722e-15, -1.4901161193847656e-8, 1, 0), (1.1641532182693481e-10, 0.5146079063415527, 1.4901161193847656e-8, 1) ), ( (0.08872553706169128, -0.042326413094997406, 0.995156466960907, 0), (0.9044665694236755, -0.41506457328796387, -0.09829358756542206, 0), (0.41721463203430176, 0.9088069200515747, 0.0014559738337993622, 0), (0.08828039467334747, 0.21279144287109375, 0.052277572453022, 1.0000001192092896) ), ( (-0.009611930698156357, 0.3443473279476166, -0.9387944936752319, 0), (0.06435373425483704, 0.9370990991592407, 0.34306657314300537, 0), (0.9978874921798706, -0.05711788311600685, -0.031167659908533096, 0), (-2.9802322387695312e-8, 0.17931026220321655, -4.76837158203125e-7, 1) ), ( (0.9993152618408203, -0.0245731920003891, -0.027662955224514008, 0), (0.02764057368040085, 0.9927943348884583, 0.1166001558303833, 0), (0.0245983824133873, -0.11728493124246597, 0.9927935600280762, 0), (0, 0.5143610835075378, 3.725290298461914e-9, 1) ), ( (-0.04907531291246414, -0.09153419733047485, -0.9945917725563049, 0), (0.00923328846693039, 0.995707631111145, -0.09209250658750534, 0), (0.9987523555755615, -0.013702817261219025, -0.04801951348781586, 0), (-2.384185791015625e-7, 0.38332366943359375, 7.450580596923828e-9, 0.9999999403953552) ), ( (0.9879723191261292, -0.004922611638903618, 0.1545519232749939, 0), (-0.005265343002974987, 0.9978424310684204, 0.06544080376625061, 0), (-0.15454061329364777, -0.0654674768447876, 0.9858148694038391, 0), (-2.2351741790771484e-8, 0.08178079128265381, 0, 1) ), ( (0.9847787022590637, 0.13946962356567383, -0.10372724384069443, 0), (-0.11329968273639679, 0.9676504731178284, 0.22542500495910645, 0), (0.13181164860725403, -0.21024151146411896, 0.9687232375144958, 0), (5.960464477539063e-8, 0.11300718784332275, 4.76837158203125e-7, 1) ), ( (0.9947613477706909, 0.06976139545440674, 0.07472091168165207, 0), (-0.0745813250541687, 0.9951730966567993, 0.06378388404846191, 0), (-0.06991060823202133, -0.069022536277771, 0.9951627850532532, 0), (0, 0.08908534049987793, 2.384185791015625e-7, 1) ), ( (0.9999999403953552, 7.078051567077637e-8, 6.705522537231445e-8, 0), (-6.332993507385254e-8, 0.9999999403953552, 0, 0), (-6.705522537231445e-8, -2.9802322387695312e-8, 0.9999999403953552, 0), (3.3527612686157227e-8, 0.11609935760498047, 0, 0.9999999403953552) ), ( (-0.2447870671749115, 0.030365392565727234, -0.9691011309623718, 0), (-0.906975507736206, 0.3461550176143646, 0.2399408519268036, 0), (0.34274527430534363, 0.9376857876777649, -0.057193607091903687, 0), (-0.06468106806278229, 0.05718439817428589, 0.015425920486450195, 1) ), ( (0.9968672394752502, -0.07747027277946472, 0.01595332846045494, 0), (0.06593862175941467, 0.925357460975647, 0.3733169436454773, 0), (-0.0436834990978241, -0.3710954487323761, 0.9275665879249573, 0), (-7.152557373046875e-7, 0.10598105192184448, 0, 1) ), ( (1, 0, -1.4901161193847656e-8, 0), (0, 1, -2.7939677238464355e-8, 0), (-7.450580596923828e-9, 2.0489096641540527e-8, 1.0000001192092896, 0), (0, 0.12269788980484009, -5.960464477539063e-8, 1) ), ( (0.0887257307767868, -0.40847715735435486, 0.9084460139274597, 0), (-0.9044665098190308, -0.41506463289260864, -0.09829424321651459, 0), (0.4172147214412689, -0.8129377961158752, -0.4062808156013489, 0), (-0.08828043937683105, 0.21279144287109375, 0.05227751284837723, 1.0000001192092896) ), ( (-0.8891016244888306, 0.08621229976415634, 0.4495314955711365, 0), (-0.08081863820552826, 0.937099039554596, -0.3395656943321228, 0), (-0.4505300521850586, -0.33823877573013306, -0.826208233833313, 0), (5.960464477539063e-8, 0.179310142993927, 4.76837158203125e-7, 0.9999999403953552) ), ( (0.9689277410507202, 0.11926576495170593, 0.21669040620326996, 0), (-0.11382521688938141, 0.9927942156791687, -0.03746335953474045, 0), (-0.21959707140922546, 0.011634446680545807, 0.9755212068557739, 0), (-1.6391277313232422e-7, 0.5143613219261169, 4.76837158203125e-7, 1) ), ( (0.9714382886886597, -0.0925477147102356, -0.21850134432315826, 0), (0.0905362218618393, 0.9957077503204346, -0.01922237128019333, 0), (0.21934247016906738, -0.0011089369654655457, 0.9756475687026978, 0), (0, 0.3833230137825012, 2.384185791015625e-7, 1) ), ( (0.9879730343818665, 0.004922516644001007, 0.15454763174057007, 0), (0.005265152081847191, 0.9978423118591309, -0.06544081121683121, 0), (-0.15453632175922394, 0.0654674768447876, 0.9858155250549316, 0), (2.9802322387695312e-8, 0.08178091049194336, -4.76837158203125e-7, 0.9999999403953552) ), ( (0.9805381894111633, 0.11359552294015884, -0.1601289063692093, 0), (-0.1457349956035614, 0.9676506519317627, -0.20594631135463715, 0), (0.13155421614646912, 0.22527456283569336, 0.9653728604316711, 0), (5.960464477539063e-8, 0.1130073070526123, -2.384185791015625e-7, 1) ), ( (0.996435821056366, 0.0700015276670456, 0.047065697610378265, 0), (-0.06650391221046448, 0.9951727986335754, -0.07216945290565491, 0), (-0.05189048871397972, 0.06878221035003662, 0.9962814450263977, 0), (-5.960464477539063e-8, 0.08908534049987793, 4.76837158203125e-7, 1.0000001192092896) ), ( (0.9999999403953552, -4.842877388000488e-8, 4.470348358154297e-8, 0), (2.2351741790771484e-8, 0.9999998807907104, 8.940696716308594e-8, 0), (-5.21540641784668e-8, -8.940696716308594e-8, 1, 0), (-2.7939677238464355e-8, 0.11609947681427002, -2.384185791015625e-7, 0.9999999403953552) ), ( (-0.46838951110839844, -0.2138749212026596, 0.857244610786438, 0), (-0.8569459319114685, 0.3461562693119049, -0.3818633556365967, 0), (-0.21506966650485992, -0.9134732484817505, -0.3454152047634125, 0), (-0.0613827109336853, 0.05718421936035156, -0.02556896209716797, 0.9999999403953552) ), ( (0.9979119300842285, 0.0515953004360199, 0.038849905133247375, 0), (-0.03314194083213806, 0.9253579378128052, -0.37764251232147217, 0), (-0.05543464422225952, 0.3755664825439453, 0.9251359701156616, 0), (1.1920928955078125e-7, 0.10598081350326538, -1.1920928955078125e-7, 1) ), ( (1, -4.470348358154297e-8, 3.8743019104003906e-7, 0), (0, 1, -3.725290298461914e-8, 0), (-4.470348358154297e-7, 0, 1, 0), (1.1920928955078125e-7, 0.12269765138626099, -1.1920928955078125e-7, 1.0000001192092896) ), ( (0.9662895798683167, 0.1308756172657013, 0.22172722220420837, 0), (0.1395854353904724, -0.9899187088012695, -0.024014631286263466, 0), (0.21634697914123535, 0.05415439233183861, -0.9748135805130005, 0), (0.13641978800296783, 0.018044471740722656, -0.0000017583370208740234, 1) ), ( (0.9645332098007202, 0.25952720642089844, -0.04815925657749176, 0), (-0.2494259774684906, 0.9558372497558594, 0.15544536709785461, 0), (0.08637478202581406, -0.13792018592357635, 0.9866703748703003, 0), (5.960464477539063e-8, 0.5039017796516418, 7.450580596923828e-9, 1) ), ( (0.8970655202865601, -0.17190155386924744, 0.407092422246933, 0), (0.44150757789611816, 0.38737696409225464, -0.809326171875, 0), (-0.018573783338069916, 0.905753493309021, 0.42339852452278137, 0), (-3.725290298461914e-8, 0.7308670878410339, 0, 1.0000001192092896) ), ( (-0.9916104674339294, -0.07452839612960815, -0.10561170428991318, 0), (-0.0009676921181380749, 0.8213014602661133, -0.5704926252365112, 0), (0.12925703823566437, -0.5656046271324158, -0.814483642578125, 0), (5.960464477539063e-8, 0.30125412344932556, -5.960464477539063e-8, 1) ), ( (0.9999998807907104, 2.019903888594854e-8, -0.000002898168077081209, 0), (-1.2143601679781568e-8, 0.9999998807907104, -4.470348358154297e-8, 0), (0.0000028980948627577163, 4.470348358154297e-8, 0.9999998807907104, 0), (0, 0.21323607861995697, 3.725290298461914e-9, 0.9999999403953552) ), ( (0.9304421544075012, -0.11963673681020737, -0.3463711440563202, 0), (-0.13445277512073517, -0.9907385110855103, -0.018976107239723206, 0), (-0.3408902585506439, 0.06422606110572815, -0.9379066824913025, 0), (-0.13641975820064545, 0.018044471740722656, -0.0000017657876014709473, 1) ), ( (0.9649681448936462, -0.2596426010131836, -0.037682801485061646, 0), (0.2623581290245056, 0.9558357000350952, 0.13246242702007294, 0), (0.0016256794333457947, -0.1377086192369461, 0.9904719591140747, 0), (-5.960464477539063e-8, 0.5039017796516418, 7.450580596923828e-9, 1) ), ( (0.8752550482749939, 0.10743319988250732, -0.47158122062683105, 0), (-0.47395098209381104, 0.38492003083229065, -0.7919626235961914, 0), (0.09643801301717758, 0.9166759848594666, 0.38782137632369995, 0), (7.450580596923828e-8, 0.7308670878410339, 0, 1) ), ( (-0.9971066117286682, 0.06906982511281967, 0.031742505729198456, 0), (0.03877228498458862, 0.8213016986846924, -0.5691744685173035, 0), (-0.06538297981023788, -0.5662969946861267, -0.8216035962104797, 0), (-1.4901161193847656e-8, 0.30125415325164795, -7.450580596923828e-9, 1) ), ( (1, 2.8405338525772095e-8, -4.973262548446655e-7, 0), (-2.9685907065868378e-8, 1.0000001192092896, 2.2351741790771484e-8, 0), (4.973262548446655e-7, -2.2351741790771484e-8, 1.0000001192092896, 0), (0, 0.2132360339164734, 3.725290298461914e-9, 1.0000001192092896) )]
        }

        def Xform "characterLargeFemale"
        {
            custom string userProperties:blender:object_name = "characterLargeFemale"
            float3 xformOp:rotateXYZ = (-0.000009334668, 0, 0)
            float3 xformOp:scale = (1, 1, 1)
            double3 xformOp:translate = (0, 0, 0)
            uniform token[] xformOpOrder = ["xformOp:translate", "xformOp:rotateXYZ", "xformOp:scale"]

            def Mesh "characterLargeFemale" (
                active = true
                prepend apiSchemas = ["MaterialBindingAPI", "SkelBindingAPI"]
            )
            {
                uniform bool doubleSided = 1
                float3[] extent = [(-1.4843986, -0.32998982, 0.0105247805), (1.4851243, 0.21077122, 3.09326)]
                int[] faceVertexCounts = [4, 4, 4, 4, 4, 4, 4, 4, 4, 4, 4, 4, 4, 4, 4, 4, 4, 4, 4, 4, 4, 4, 4, 4, 4, 4, 4, 4, 4, 4, 4, 4, 4, 4, 4, 4, 4, 4, 4, 4, 4, 4, 4, 4, 4, 4, 4, 4, 4, 4, 4, 4, 4, 4, 4, 4, 4, 4, 4, 4, 4, 4, 4, 4, 4, 4, 4, 4, 4, 4, 4, 4, 4, 4, 4, 3, 3, 4, 4, 4, 4, 4, 4, 4, 4, 4, 4, 4, 4, 4, 4, 4, 4, 4, 4, 4, 4, 4, 4, 4, 4, 4, 4, 4, 4, 3, 3, 4, 4, 4, 4, 4, 4, 4, 3, 4, 4, 4, 4, 4, 4, 4, 4, 4, 4, 4, 4, 4, 4, 4, 4, 4, 4, 4, 4, 4, 4, 4, 4, 4, 4, 4, 4, 4, 3, 4, 4, 4, 3, 3, 4, 4, 4, 4, 4, 4, 4, 4, 4, 4, 4, 4, 4, 4, 4, 4, 4, 4, 4, 4, 4, 4, 4, 4, 4, 4, 3, 4, 4, 3, 4, 4, 4, 4, 4, 4, 4, 4, 4, 4, 4, 4, 4, 4, 4, 4, 4, 4, 4, 4, 4, 4, 4, 4, 4, 4, 4, 4, 4, 4, 4, 4, 4, 4, 4, 4, 4, 4, 4, 4, 4, 4, 4, 4, 4, 4, 4, 4, 4, 4, 4, 4, 4, 4, 4, 4, 4, 4, 4, 4, 4, 4, 4, 4, 4, 4, 4, 4, 4, 4, 4, 4, 4, 4, 4, 4, 4, 4, 4, 4, 4, 4, 4, 4, 4, 4, 4, 4, 4, 4, 4, 4, 4, 4, 4, 4, 4, 4, 4, 4, 4, 4, 4, 4, 4, 4, 4, 4, 4, 4, 4, 4, 4, 4, 4, 4, 4, 4, 4, 4, 4, 4, 4, 4, 4, 4, 4, 4, 4, 4, 4, 4, 4, 4, 4, 4, 4, 4, 4, 4, 4, 4, 4, 4, 3, 3, 4, 4, 4, 4, 4, 4, 4, 4, 4, 4, 4, 4, 4, 4, 4, 4, 4, 4, 4, 4, 3, 3, 4, 4, 4, 4, 4, 4, 4, 4, 4, 4, 4, 4, 4, 4, 4, 4, 4, 4, 4, 4, 4, 4, 4, 4, 4, 4, 4, 4, 4, 4, 4, 4, 4, 4, 4, 4, 4, 4, 4, 4, 4, 4, 4, 4, 4, 4, 4, 4, 4, 4, 4, 4, 4, 4, 4, 4, 4, 4, 4, 4, 4, 4, 4, 4, 4, 4, 4, 4, 4, 4, 4, 4, 4, 4, 4, 4, 3, 3, 4, 4, 4, 4, 4, 4, 4, 4, 4, 4, 4, 4, 4, 4, 4, 4, 4, 4, 4, 4, 4, 4, 4, 4, 4, 4, 4, 4, 3, 3, 4, 4, 4, 4, 4, 4, 4, 3, 4, 4, 4, 4, 4, 4, 4, 4, 4, 4, 4, 4, 4, 4, 4, 4, 4, 4, 4, 4, 4, 4, 4, 4, 4, 4, 4, 4, 4, 3, 4, 4, 4, 3, 3, 4, 4, 4, 4, 4, 4, 4, 4, 4, 4, 4, 4, 4, 4, 4, 4, 4, 4, 4, 4, 4, 4, 4, 4, 4, 4, 3, 4, 4, 3, 4, 4, 4, 4, 4, 4, 4, 4, 4, 4, 4, 4, 4, 4, 4, 4, 4, 4, 4, 4, 4, 4, 4, 4, 4, 4, 4, 4, 4, 4, 4, 4, 4, 4, 4, 4, 4, 4, 4, 4, 4, 4, 4, 4, 4, 4, 4, 4, 4, 4, 4, 4, 4, 4, 4, 4, 4, 4, 4, 4, 4, 4, 4, 4, 4, 4, 4, 4, 4, 4, 4, 4, 4, 4, 4, 4, 4, 4, 4, 4, 4, 4, 4, 4, 4, 4, 4, 4, 4, 4, 4, 4, 4, 4, 4, 4, 4, 4, 4, 4, 4, 4, 4, 4, 4, 4, 4, 4, 4, 4, 4, 4, 4, 4, 4, 4, 4, 4, 4, 4, 4, 4, 4, 4, 4, 4, 4, 4, 4, 4, 4, 4, 4, 4, 4, 4, 4, 4, 4, 4, 4, 4, 4, 4, 3, 3, 4, 4, 4, 4, 4, 4, 4, 4, 4, 4, 4, 4, 4, 4, 4, 4, 4, 4, 4, 4, 3, 3, 4, 4, 4, 4, 4, 4, 4, 4, 4, 4, 4, 4, 4, 4, 4, 4, 4, 4, 4, 4, 4, 4, 4, 4, 4, 4, 4, 4, 4, 4, 4, 4, 4, 4, 4, 3, 4, 4, 3, 4, 4, 4, 4, 3, 4, 4, 3, 4, 4, 4, 4, 4, 4, 4, 4, 4, 4, 4, 4, 4, 4, 4, 4, 4, 4, 4, 4, 4, 4, 4, 4, 4, 4, 4, 4, 4, 4, 4, 4, 4, 4, 4, 4, 4, 4, 4, 4, 4, 4, 4, 4, 4, 4, 4, 4, 4, 4, 4, 4, 4, 4, 4, 4, 4, 4, 4, 4, 4, 4, 4, 4, 4, 4, 4, 4, 4, 4, 4, 4, 4, 4, 4, 4, 4, 4, 4, 4, 4, 4, 4, 4, 4, 4, 4, 4, 4, 4, 4, 4, 3, 3, 3, 3, 4, 4, 4, 4, 4, 4, 4, 4, 4, 4, 4, 4, 4, 4, 4, 4, 4, 3, 4, 4, 4, 3, 4, 4, 4, 3, 4, 4, 4, 3, 4, 4, 3, 3, 3, 3, 4, 4, 4, 4, 4, 4, 4, 4, 4, 4, 4, 4, 4, 4, 4, 4, 4, 4, 4, 4, 4, 4, 4, 4, 4, 4, 4, 4, 4, 4, 4, 4]
