#usda 1.0
(
    defaultPrim = "root"
    doc = "Blender v5.1.2"
    metersPerUnit = 1
    upAxis = "Y"
)

def Xform "root" (
    customData = {
        dictionary Blender = {
            bool generated = 1
        }
    }
)
{
    float3 xformOp:rotateXYZ = (-90, -0, 0)
    uniform token[] xformOpOrder = ["xformOp:rotateXYZ"]

    def SkelRoot "Root"
    {
        custom string userProperties:blender:object_name = "Root"
        float3 xformOp:rotateXYZ = (-0.000009334668, 0, 0)
        float3 xformOp:scale = (1, 1, 1)
        double3 xformOp:translate = (0, 0, 0)
        uniform token[] xformOpOrder = ["xformOp:translate", "xformOp:rotateXYZ", "xformOp:scale"]

        def Skeleton "Root" (
            prepend apiSchemas = ["SkelBindingAPI"]
        )
        {
            uniform matrix4d[] bindTransforms = [( (-5.205485535952903e-7, 1, -1.0991825405426425e-7, 0), (0, -1.099182469488369e-7, -0.9999999403953552, 0), (-1, -5.205485535952903e-7, -9.290978653098136e-9, 0), (0.3036327362060547, 0.11117057502269745, 0.20890644192695618, 1) ), ( (-0.9994968771934509, -0.0005357441259548068, 0.031711261719465256, 0), (0.0005070664337836206, -0.9999994039535522, -0.000915653130505234, 0), (0.031711746007204056, -0.0008991128415800631, 0.999496579170227, 0), (0.32587313652038574, 0.18202313780784607, 0.029004961252212524, 1) ), ( (0.9789472818374634, 0.20410515367984772, 3.8370490074157715e-7, 0), (-0.20410527288913727, 0.9789488911628723, 0, 0), (-2.384185791015625e-7, -6.222398951649666e-8, 0.9999999403953552, 0), (0.3547116816043854, -0.12489522993564606, 0.02885645627975464, 1) ), ( (0.9849774241447449, 0.11463615298271179, 0.12913063168525696, 0), (0.16955414414405823, -0.7836093902587891, -0.5976683497428894, 0), (0.03267311677336693, 0.6105854511260986, -0.791275680065155, 0), (0.3036327064037323, 0.11117050051689148, 0.20890647172927856, 1) ), ( (0.9849774241447449, 0.11463598906993866, 0.12913081049919128, 0), (0.16955412924289703, -0.7836094498634338, -0.5976682901382446, 0), (0.032673370093107224, 0.6105853915214539, -0.791275680065155, 0), (0.3547116219997406, -0.12489520758390427, 0.028856322169303894, 1) ), ( (1, 1.741352662065765e-8, 9.291033720160158e-9, 0), (0, 0.9999999403953552, -2.1171371145101148e-7, 0), (3.853928759239497e-15, 2.117137256618662e-7, 0.9999999403953552, 0), (0.3036327362060547, 0.11117056757211685, 0.20890650153160095, 1) ), ( (1, 1.741352662065765e-8, 1.129692606127719e-8, 0), (-1.2823722875272768e-25, 0.9999999403953552, -2.0359092900434916e-7, 0), (-2.0058890104479588e-9, 2.0359094321520388e-7, 0.9999999403953552, 0), (0.3036327362060547, 0.4039372205734253, 0.20890644192695618, 1) ), ( (1, -3.178655560986954e-8, -1.6767404531492502e-7, 0), (1.769651021277241e-7, 2.8688342013083457e-7, 0.9999999403953552, 0), (-3.178649876645068e-8, -1, 2.8688342013083457e-7, 0), (0.2749917805194855, -0.5067871809005737, 0.7503727674484253, 1) ), ( (1, -3.1786505871878035e-8, 9.291042601944355e-9, 0), (-3.493917733799791e-15, 1.7696513054943352e-7, 0.9999999403953552, 0), (-3.178649876645068e-8, -1, 1.7696513054943352e-7, 0), (0.27499184012413025, -0.5067870616912842, 1.0871883630752563, 1) ), ( (-5.205485535952903e-7, 1, -1.0991825405426425e-7, 0), (0, -1.099182469488369e-7, -0.9999999403953552, 0), (-1, -5.205485535952903e-7, -9.290978653098136e-9, 0), (-0.30159491300582886, 0.11117057502269745, 0.20890644192695618, 1) ), ( (-0.9994964599609375, 0.0004776709247380495, 0.03172419220209122, 0), (-0.000506871088873595, -0.9999993443489075, -0.0009156531887128949, 0), (0.0317237488925457, -0.0009312722249887884, 0.9994961619377136, 0), (-0.3238353431224823, 0.18202313780784607, 0.029004961252212524, 1) ), ( (0.9789473414421082, -0.2041051685810089, 3.1478703022003174e-7, 0), (0.20410506427288055, 0.9789488315582275, 4.656612873077393e-10, 0), (-2.1979212760925293e-7, 5.966285243630409e-8, 0.9999998211860657, 0), (-0.35267382860183716, -0.12489517033100128, 0.02885645627975464, 1) ), ( (0.9849774241447449, -0.15484905242919922, -0.0764070600271225, 0), (-0.16955409944057465, -0.7836095094680786, -0.5976682305335999, 0), (0.03267505392432213, 0.601645827293396, -0.7980944514274597, 0), (-0.30159491300582886, 0.11117058247327805, 0.20890650153160095, 1) ), ( (0.9849774241447449, -0.15484903752803802, -0.07640717923641205, 0), (-0.16955415904521942, -0.7836094498634338, -0.5976682901382446, 0), (0.03267496079206467, 0.6016458868980408, -0.7980943918228149, 0), (-0.35267382860183716, -0.12489522248506546, 0.028856322169303894, 1) ), ( (1, 1.741358346407651e-8, 9.291033720160158e-9, 0), (0, 0.9999999403953552, -2.1171368302930205e-7, 0), (3.853945699898442e-15, 2.1171369724015676e-7, 0.9999999403953552, 0), (-0.30159491300582886, 0.11117057502269745, 0.20890650153160095, 1) ), ( (1, 1.741358346407651e-8, 1.129692606127719e-8, 0), (-1.2810154467702967e-25, 0.9999999403953552, -2.0359090058263973e-7, 0), (-2.0058890104479588e-9, 2.0359091479349445e-7, 0.9999999403953552, 0), (-0.30159491300582886, 0.40393728017807007, 0.20890644192695618, 1) ), ( (1, -3.178655560986954e-8, -1.6767404531492502e-7, 0), (1.769651021277241e-7, 2.8688342013083457e-7, 0.9999999403953552, 0), (-3.178649876645068e-8, -1, 2.8688342013083457e-7, 0), (-0.27295389771461487, -0.5067871809005737, 0.7503727674484253, 1) ), ( (1, -3.1786505871878035e-8, 9.291042601944355e-9, 0), (-3.493917733799791e-15, 1.7696513054943352e-7, 0.9999999403953552, 0), (-3.178649876645068e-8, -1, 1.7696513054943352e-7, 0), (-0.2729538381099701, -0.5067870616912842, 1.0871883630752563, 1) ), ( (-0.999995768070221, -0.00018603070930112153, -0.002886139787733555, 0), (0.0028861388564109802, 2.7770329324994236e-7, -0.9999957084655762, 0), (0.00018603102944325656, -1, 2.3477605282096192e-7, 0), (0.0005543182487599552, -0.06887967884540558, 1.7208877801895142, 1) ), ( (1, -3.92901711165905e-10, 7.421676051500015e-10, 0), (5.138821035366448e-10, -5.684341886080802e-14, 0.9999998807907104, 0), (-8.731149137020111e-11, -1, -2.4432551981590223e-8, 0), (0.001018916955217719, -0.068879634141922, 1.3989367485046387, 1) ), ( (1, -2.6872936587096774e-7, -1.1828061197149964e-8, 0), (3.029402861898234e-8, 0.06421536207199097, 0.997935950756073, 0), (-2.67029577116773e-7, -0.9979360699653625, 0.06421533226966858, 0), (0.0010189168388023973, -0.068879634141922, 1.7208884954452515, 1) ), ( (1, 2.3598110487910162e-7, -2.6215801085527346e-8, 0), (2.6645352591003757e-15, 0.11548701673746109, 0.9933089017868042, 0), (2.3787831082699995e-7, -0.9933090209960938, 0.1154869794845581, 0), (0.001018923125229776, -0.0553072951734066, 1.9318088293075562, 1) ), ( (1, 2.3786398628544703e-7, -8.466881418200956e-9, 0), (-1.7763568394002505e-15, 0.04078961908817291, 0.9991676807403564, 0), (2.383679174045028e-7, -0.999167799949646, 0.040789589285850525, 0), (0.0010189233580604196, -0.02532525546848774, 2.189685821533203, 1) ), ( (1, 2.26831986083198e-7, 8.122450623204713e-8, 0), (-7.105427357601002e-15, -0.3320898115634918, 0.9432477355003357, 0), (2.408037005352526e-7, -0.9432477951049805, -0.3320898115634918, 0), (0.001018923125229776, -0.01359710842370987, 2.4769744873046875, 1) ), ( (1, 2.3780201274803403e-7, 2.4967064859993116e-8, 0), (0, -0.09909099340438843, 0.9950783252716064, 0), (2.3928527070893324e-7, -0.9950783848762512, -0.09909100830554962, 0), (0.001018923125229776, -0.04639320820569992, 2.5701262950897217, 1) ), ( (1, 2.3780201274803403e-7, 2.4967068412706794e-8, 0), (1.2548157838862019e-17, -0.09909100830554962, 0.9950783252716064, 0), (2.3928527070893324e-7, -0.9950783848762512, -0.09909102320671082, 0), (0.001018923125229776, -0.09738621860742569, 3.0822014808654785, 1) ), ( (0.08872587978839874, -0.9960547685623169, -0.0016991086304187775, 0), (0.9044665694236755, 0.08128176629543304, -0.4187285900115967, 0), (0.41721469163894653, 0.03561532124876976, 0.908109724521637, 0), (0.08929930627346039, -0.068879634141922, 2.4044322967529297, 1) ), ( (-0.0810810923576355, 0.0041276924312114716, -0.996698796749115, 0), (0.9964213371276855, 0.024287376552820206, -0.08095797896385193, 0), (0.023873090744018555, -0.9996965527534485, -0.006082216277718544, 0), (0.2514791488647461, -0.054304976016283035, 2.3293495178222656, 1) ), ( (-0.11147910356521606, 0.031690292060375214, -0.9932611584663391, 0), (0.9887309670448303, -0.09695460647344589, -0.1140640452504158, 0), (-0.09991589933633804, -0.9947842359542847, -0.020524801686406136, 0), (0.7639995217323303, -0.04181249812245369, 2.287707805633545, 1) ), ( (0.006084270775318146, 0.9967788457870483, 0.07996970415115356, 0), (0.9971179962158203, 8.195638656616211e-8, -0.07586457580327988, 0), (-0.07562018185853958, 0.08020079880952835, -0.9939059615135193, 0), (1.124957799911499, -0.07720795273780823, 2.2460663318634033, 1) ), ( (-0.017142262309789658, 0.997185230255127, -0.07299397140741348, 0), (0.9735147953033447, 8.381903171539307e-8, -0.22862312197685242, 0), (-0.22797954082489014, -0.07497988641262054, -0.9707744121551514, 0), (1.2490012645721436, -0.07720794528722763, 2.236629009246826, 1) ), ( (0.10623118281364441, 0.9940233826637268, 0.025155052542686462, 0), (0.9381706118583679, -0.09181572496891022, -0.3337745666503906, 0), (-0.3294699788093567, 0.05905704200267792, -0.942317008972168, 0), (1.3357951641082764, -0.07720789313316345, 2.2162458896636963, 1) ), ( (0.06391948461532593, 0.9971323013305664, -0.040516506880521774, 0), (0.8542883992195129, -0.0756589025259018, -0.5142635107040405, 0), (-0.515854001045227, -0.0017412938177585602, -0.8566744327545166, 0), (1.4327704906463623, -0.08669860661029816, 2.18174409866333, 1) ), ( (0.06391951441764832, 0.9971323013305664, -0.04051648825407028, 0), (0.8542884588241577, -0.07565891742706299, -0.5142634510993958, 0), (-0.5158539414405823, -0.001741269719786942, -0.8566744923591614, 0), (1.5185004472732544, -0.09429116547107697, 2.130136489868164, 1) ), ( (0.1365511268377304, -0.3136175870895386, 0.9396793246269226, 0), (0.30888551473617554, -0.887795627117157, -0.341187447309494, 0), (0.9412456154823303, 0.33684298396110535, -0.02435755357146263, 0), (1.197835922241211, -0.14044348895549774, 2.2245335578918457, 1) ), ( (0.19357214868068695, -0.3170161843299866, 0.9284557104110718, 0), (0.6240143179893494, -0.6904738545417786, -0.3658580183982849, 0), (0.7570573091506958, 0.6501898765563965, 0.0641661137342453, 0), (1.2304617166519165, -0.2342168092727661, 2.18849515914917, 1) ), ( (0.19357213377952576, -0.31701624393463135, 0.9284557104110718, 0), (0.6240143775939941, -0.6904737949371338, -0.3658580780029297, 0), (0.757057249546051, 0.6501899361610413, 0.06416621059179306, 0), (1.30965256690979, -0.3218417465686798, 2.1420657634735107, 1) ), ( (0.08872625231742859, -0.9243515133857727, -0.3710820972919464, 0), (-0.9044663310050964, 0.08128176629543304, -0.4187287986278534, 0), (0.4172148108482361, 0.3727835416793823, -0.8288329243659973, 0), (-0.08726150542497635, -0.0688796266913414, 2.4044322967529297, 1) ), ( (0.030686184763908386, 0.9964215755462646, -0.07875564694404602, 0), (-0.9964216351509094, 0.024287447333335876, -0.08095800876617432, 0), (-0.07875555753707886, 0.08095815777778625, 0.9936010837554932, 0), (-0.24944132566452026, -0.054304882884025574, 2.3293497562408447, 1) ), ( (-0.11147969961166382, 0.9853922128677368, 0.1287422925233841, 0), (-0.9887311458587646, -0.09695468842983246, -0.11406487226486206, 0), (-0.0999164804816246, -0.1400074064731598, 0.9850961565971375, 0), (-0.7619621157646179, -0.041812483221292496, 2.287708282470703, 1) ), ( (0.006084112450480461, 0.9967790246009827, -0.07996594905853271, 0), (-0.9971182346343994, 6.076879799365997e-8, -0.07586443424224854, 0), (-0.07562010735273361, 0.08019708096981049, 0.9939064383506775, 0), (-1.122920036315918, -0.07720787078142166, 2.246066093444824, 1) ), ( (-0.01714162528514862, 0.9971852898597717, 0.07299166172742844, 0), (-0.9735148549079895, 8.288770914077759e-8, -0.22862404584884644, 0), (-0.2279805690050125, -0.07497744262218475, 0.9707744717597961, 0), (-1.2469637393951416, -0.07720788568258286, 2.236628532409668, 1) ), ( (-0.06647346913814545, 0.9940233826637268, -0.08659619837999344, 0), (-0.9381710886955261, -0.09181574732065201, -0.3337738811969757, 0), (-0.33973002433776855, 0.059054985642433167, 0.9386671781539917, 0), (-1.3337574005126953, -0.07720787078142166, 2.2162458896636963, 1) ), ( (-0.06572020798921585, 0.9971323013305664, -0.03752530366182327, 0), (-0.8542874455451965, -0.07565883547067642, -0.5142652988433838, 0), (-0.5156297087669373, -0.0017401613295078278, 0.8568098545074463, 0), (-1.430733323097229, -0.08669858425855637, 2.1817445755004883, 1) ), ( (-0.06572020798921585, 0.9971323013305664, -0.03752529248595238, 0), (-0.8542874455451965, -0.07565882056951523, -0.5142651796340942, 0), (-0.5156296491622925, -0.001740163192152977, 0.8568099141120911, 0), (-1.516463279724121, -0.09429114311933517, 2.130136728286743, 1) ), ( (0.11224294453859329, -0.39025014638900757, 0.9138415455818176, 0), (-0.3088861405849457, -0.887795090675354, -0.3411881625652313, 0), (0.9444528222084045, -0.24397706985473633, -0.2201915830373764, 0), (-1.1957982778549194, -0.14044345915317535, 2.2245333194732666, 1) ), ( (0.07179318368434906, -0.5168801546096802, 0.8530420064926147, 0), (-0.6240143775939941, -0.6904737949371338, -0.3658580183982849, 0), (0.7781080603599548, -0.5060443878173828, -0.3721119463443756, 0), (-1.2284241914749146, -0.23421664535999298, 2.188495397567749, 1) ), ( (0.07179342955350876, -0.516880214214325, 0.8530418872833252, 0), (-0.6240142583847046, -0.6904739141464233, -0.3658579885959625, 0), (0.7781081199645996, -0.5060441493988037, -0.37211212515830994, 0), (-1.307615041732788, -0.3218415677547455, 2.14206600189209, 1) ), ( (0.9769063591957092, 0.03205364942550659, 0.21125616133213043, 0), (0.20774249732494354, 0.08884632587432861, -0.9741401672363281, 0), (-0.04999512434005737, 0.9955297112464905, 0.08013515919446945, 0), (0.13540279865264893, -0.06887971609830856, 1.4831886291503906, 1) ), ( (0.9961000680923462, -0.0677601620554924, 0.05653057247400284, 0), (0.06775647401809692, 0.17688769102096558, -0.9818958640098572, 0), (0.05653303861618042, 0.9818960428237915, 0.18078851699829102, 0), (0.2541118264198303, -0.018110811710357666, 0.9265418648719788, 1) ), ( (0.9849801659584045, 0.11463456600904465, 0.1291317492723465, 0), (0.16955411434173584, -0.7836095094680786, -0.5976685285568237, 0), (0.03267413377761841, 0.6105862855911255, -0.7912756204605103, 0), (0.3036327660083771, 0.11117059737443924, 0.2089064121246338, 1) ), ( (-0.992804229259491, -0.1197570264339447, 0.0000635385513305664, 0), (0.1196618601679802, -0.9920262098312378, -0.039574116468429565, 0), (0.004803163930773735, -0.039282023906707764, 0.9992164373397827, 0), (0.35471171140670776, -0.12489505857229233, 0.028856277465820312, 1) ), ( (-0.992804229259491, -0.11975693702697754, 0.00006052459139027633, 0), (0.11966188997030258, -0.9920262098312378, -0.03957408666610718, 0), (0.0048001669347286224, -0.03928235545754433, 0.9992164373397827, 0), (0.3802279531955719, -0.33643099665641785, 0.02041764184832573, 1) ), ( (0.9603610038757324, 0.20774325728416443, -0.18585586547851562, 0), (-0.20774242281913757, 0.08884628117084503, -0.9741399884223938, 0), (-0.18586164712905884, 0.9741386771202087, 0.1284828931093216, 0), (-0.1333649903535843, -0.06887971609830856, 1.4831886291503906, 1) ), ( (0.9960963726043701, 0.06775453686714172, -0.05652855336666107, 0), (-0.06775639951229095, 0.1768876016139984, -0.9818954467773438, 0), (-0.05653195083141327, 0.9818946719169617, 0.18078957498073578, 0), (-0.25207391381263733, -0.01811084896326065, 0.9265419244766235, 1) ), ( (0.9849765300750732, -0.15485113859176636, -0.07640791684389114, 0), (-0.16955402493476868, -0.7836087346076965, -0.5976678133010864, 0), (0.032672278583049774, 0.6016440391540527, -0.7980940341949463, 0), (-0.30159491300582886, 0.11117056012153625, 0.20890647172927856, 1) ), ( (-0.9928006529808044, 0.11937735974788666, 0.009568572044372559, 0), (-0.11966158449649811, -0.9920238256454468, -0.039573878049850464, 0), (0.004769600927829742, -0.04043304920196533, 0.9991705417633057, 0), (-0.35267382860183716, -0.12489524483680725, 0.02885623276233673, 1) ), ( (-0.9928006529808044, 0.11937717348337173, 0.009572544135153294, 0), (-0.11966156214475632, -0.9920238256454468, -0.03957391157746315, 0), (0.004773545078933239, -0.04043355956673622, 0.9991704821586609, 0), (-0.3781900703907013, -0.3364311456680298, 0.020417626947164536, 1) )]
            uniform token[] joints = ["LeftFootCtrl", "LeftFootCtrl/LeftHeelRoll", "LeftFootCtrl/LeftHeelRoll/LeftToeRoll", "LeftFootCtrl/LeftHeelRoll/LeftToeRoll/LeftFootIK", "LeftFootCtrl/LeftHeelRoll/LeftToeRoll/LeftFootIK/LeftFootIK_end", "LeftFootCtrl/LeftFootRollCtrl", "LeftFootCtrl/LeftFootRollCtrl/LeftFootRollCtrl_end", "LeftFootCtrl/LeftKneeCtrl", "LeftFootCtrl/LeftKneeCtrl/LeftKneeCtrl_end", "RightFootCtrl", "RightFootCtrl/RightHeelRoll", "RightFootCtrl/RightHeelRoll/RightToeRoll", "RightFootCtrl/RightHeelRoll/RightToeRoll/RightFootIK", "RightFootCtrl/RightHeelRoll/RightToeRoll/RightFootIK/RightFootIK_end", "RightFootCtrl/RightFootRollCtrl", "RightFootCtrl/RightFootRollCtrl/RightFootRollCtrl_end", "RightFootCtrl/RightKneeCtrl", "RightFootCtrl/RightKneeCtrl/RightKneeCtrl_end", "HipsCtrl", "HipsCtrl/Hips", "HipsCtrl/Hips/Spine", "HipsCtrl/Hips/Spine/Chest", "HipsCtrl/Hips/Spine/Chest/UpperChest", "HipsCtrl/Hips/Spine/Chest/UpperChest/Neck", "HipsCtrl/Hips/Spine/Chest/UpperChest/Neck/Head", "HipsCtrl/Hips/Spine/Chest/UpperChest/Neck/Head/Head_end", "HipsCtrl/Hips/Spine/Chest/UpperChest/LeftShoulder", "HipsCtrl/Hips/Spine/Chest/UpperChest/LeftShoulder/LeftArm", "HipsCtrl/Hips/Spine/Chest/UpperChest/LeftShoulder/LeftArm/LeftForeArm", "HipsCtrl/Hips/Spine/Chest/UpperChest/LeftShoulder/LeftArm/LeftForeArm/LeftHand", "HipsCtrl/Hips/Spine/Chest/UpperChest/LeftShoulder/LeftArm/LeftForeArm/LeftHand/LeftHandIndex1", "HipsCtrl/Hips/Spine/Chest/UpperChest/LeftShoulder/LeftArm/LeftForeArm/LeftHand/LeftHandIndex1/LeftHandIndex2", "HipsCtrl/Hips/Spine/Chest/UpperChest/LeftShoulder/LeftArm/LeftForeArm/LeftHand/LeftHandIndex1/LeftHandIndex2/LeftHandIndex3", "HipsCtrl/Hips/Spine/Chest/UpperChest/LeftShoulder/LeftArm/LeftForeArm/LeftHand/LeftHandIndex1/LeftHandIndex2/LeftHandIndex3/LeftHandIndex3_end", "HipsCtrl/Hips/Spine/Chest/UpperChest/LeftShoulder/LeftArm/LeftForeArm/LeftHand/LeftHandThumb1", "HipsCtrl/Hips/Spine/Chest/UpperChest/LeftShoulder/LeftArm/LeftForeArm/LeftHand/LeftHandThumb1/LeftHandThumb2", "HipsCtrl/Hips/Spine/Chest/UpperChest/LeftShoulder/LeftArm/LeftForeArm/LeftHand/LeftHandThumb1/LeftHandThumb2/LeftHandThumb2_end", "HipsCtrl/Hips/Spine/Chest/UpperChest/RightShoulder", "HipsCtrl/Hips/Spine/Chest/UpperChest/RightShoulder/RightArm", "HipsCtrl/Hips/Spine/Chest/UpperChest/RightShoulder/RightArm/RightForeArm", "HipsCtrl/Hips/Spine/Chest/UpperChest/RightShoulder/RightArm/RightForeArm/RightHand", "HipsCtrl/Hips/Spine/Chest/UpperChest/RightShoulder/RightArm/RightForeArm/RightHand/RightHandIndex1", "HipsCtrl/Hips/Spine/Chest/UpperChest/RightShoulder/RightArm/RightForeArm/RightHand/RightHandIndex1/RightHandIndex2", "HipsCtrl/Hips/Spine/Chest/UpperChest/RightShoulder/RightArm/RightForeArm/RightHand/RightHandIndex1/RightHandIndex2/RightHandIndex3", "HipsCtrl/Hips/Spine/Chest/UpperChest/RightShoulder/RightArm/RightForeArm/RightHand/RightHandIndex1/RightHandIndex2/RightHandIndex3/RightHandIndex3_end", "HipsCtrl/Hips/Spine/Chest/UpperChest/RightShoulder/RightArm/RightForeArm/RightHand/RightHandThumb1", "HipsCtrl/Hips/Spine/Chest/UpperChest/RightShoulder/RightArm/RightForeArm/RightHand/RightHandThumb1/RightHandThumb2", "HipsCtrl/Hips/Spine/Chest/UpperChest/RightShoulder/RightArm/RightForeArm/RightHand/RightHandThumb1/RightHandThumb2/RightHandThumb2_end", "HipsCtrl/Hips/LeftUpLeg", "HipsCtrl/Hips/LeftUpLeg/LeftLeg", "HipsCtrl/Hips/LeftUpLeg/LeftLeg/LeftFoot", "HipsCtrl/Hips/LeftUpLeg/LeftLeg/LeftFoot/LeftToes", "HipsCtrl/Hips/LeftUpLeg/LeftLeg/LeftFoot/LeftToes/LeftToes_end", "HipsCtrl/Hips/RightUpLeg", "HipsCtrl/Hips/RightUpLeg/RightLeg", "HipsCtrl/Hips/RightUpLeg/RightLeg/RightFoot", "HipsCtrl/Hips/RightUpLeg/RightLeg/RightFoot/RightToes", "HipsCtrl/Hips/RightUpLeg/RightLeg/RightFoot/RightToes/RightToes_end"]
            float[] primvars:blender:bone_lengths = [0.33891463, 0.30827022, 0.3012543, 0.3012543, 0.30125436, 0.2927667, 0.29276666, 0.33681566, 0.33681574, 0.33891463, 0.30827025, 0.3012543, 0.3012544, 0.30125433, 0.29276672, 0.2927667, 0.33681566, 0.33681574, 0.3219513, 0.21305755, 0.21135658, 0.2596141, 0.25333178, 0.09875645, 0.5146079, 0.5146079, 0.1793096, 0.51435906, 0.36507097, 0.111631386, 0.089154944, 0.10336642, 0.10035248, 0.10035248, 0.105624996, 0.12690552, 0.12690549, 0.1793095, 0.51435924, 0.36507046, 0.11163158, 0.089154564, 0.103366606, 0.10035258, 0.10035258, 0.10562479, 0.12690549, 0.1269055, 0.5714234, 0.73086655, 0.30125412, 0.21323624, 0.21323618, 0.57142335, 0.730867, 0.30125433, 0.21323673, 0.21323675] (
                interpolation = "uniform"
            )
            uniform matrix4d[] restTransforms = [( (-5.205485535952903e-7, 1, -1.1393000676207521e-7, 0), (-7.75037278799573e-8, -1.13930042289212e-7, -0.9999999403953552, 0), (-1, -5.205485535952903e-7, 6.82127421214318e-8, 0), (0.1536327302455902, 0.11117055267095566, 0.20890644192695618, 1) ), ( (-0.0005352101288735867, -0.03171130642294884, 0.9994967579841614, 0), (-0.9999991059303284, 0.0009180380729958415, -0.0005064563010819256, 0), (-0.0009015158866532147, -0.999496579170227, -0.03171177953481674, 0), (0.07085254043340683, 0.17990149557590485, -0.02224038541316986, 1) ), ( (-0.9785642623901367, -0.20360872149467468, 0.030861133709549904, 0), (0.20347809791564941, -0.9790520071983337, -0.007350244093686342, 0), (0.0317111499607563, -0.0009131354745477438, 0.9994967579841614, 0), (-0.028664246201515198, 0.3069329559803009, 0.001042056828737259, 1) ), ( (0.9876419305801392, -0.08881637454032898, 0.12913022935390472, 0), (0.006045793183147907, -0.8017204999923706, -0.5976681113243103, 0), (0.15660907328128815, 0.5910629034042358, -0.7912757396697998, 0), (-0.0018213391304016113, 0.2415216863155365, 0.18005000054836273, 0.9999999403953552) ), ( (1, 7.450580596923828e-9, -2.4586915969848633e-7, 0), (-1.4901161193847656e-8, 1, -1.1920928955078125e-7, 0), (2.4586915969848633e-7, 1.1920928955078125e-7, 1, 0), (-1.4901161193847656e-8, 0.3012543022632599, -2.9802322387695312e-8, 1) ), ( (2.0341379070032417e-7, 1.4210854715202004e-14, -1, 0), (0.9999999403953552, 1.9470721213110664e-7, 1.8600039197735896e-7, 0), (1.9470719792025193e-7, -1, 7.105427357601002e-15, 0), (0, -8.940696716308594e-8, 0, 1) ), ( (1, 2.0433910910989256e-14, 2.0058834593328356e-9, 0), (-3.355240144422601e-14, 1, 8.122754024952883e-9, 0), (-2.0058905647601932e-9, -8.122754024952883e-9, 1, 0), (0, 0.2927667200565338, 1.4901161193847656e-8, 1) ), ( (3.1391638799505017e-7, 1.7696527265798068e-7, -1, 0), (8.95422971325388e-8, -1, -1.7696524423627125e-7, 0), (-1, -8.95422473945473e-8, -3.1391644483846903e-7, 0), (-0.6179578304290771, -0.5414662957191467, -0.015819847583770752, 1) ), ( (1, 1.769651021277241e-7, -1.3879438675028655e-14, 0), (-1.769651021277241e-7, 1, 1.0991828958140104e-7, 0), (3.3036832818023054e-14, -1.0991828958140104e-7, 1, 0), (0, 0.33681565523147583, 0, 1) ), ( (-5.205485535952903e-7, 1, -1.1393000676207521e-7, 0), (-7.75037278799573e-8, -1.13930042289212e-7, -0.9999999403953552, 0), (-1, -5.205485535952903e-7, 6.82127421214318e-8, 0), (-0.15159490704536438, 0.11117058992385864, 0.20890644192695618, 1) ), ( (0.00047795602586120367, -0.031724270433187485, 0.9994964003562927, 0), (-0.999999463558197, 0.0009214652236551046, 0.0005073409411124885, 0), (-0.0009370960178785026, -0.9994962811470032, -0.03172381967306137, 0), (0.07085259258747101, 0.17990148067474365, 0.022240430116653442, 1) ), ( (-0.9785520434379578, 0.2036086618900299, 0.031246362254023552, 0), (-0.20353475213050842, -0.979051947593689, 0.005561122205108404, 0), (0.03172406926751137, -0.0009178672335110605, 0.9994962811470032, 0), (0.02867269515991211, 0.3069329857826233, -0.000777464359998703, 1) ), ( (0.9958497285842896, 0.04944997653365135, -0.07640741765499115, 0), (-0.006046269554644823, -0.8017207384109497, -0.5976682305335999, 0), (-0.09081210196018219, 0.5956497192382812, -0.798094630241394, 0), (0.0018214583396911621, 0.24152180552482605, 0.1800500750541687, 1) ), ( (1, 5.21540641784668e-8, 1.0803341865539551e-7, 0), (-7.450580596923828e-8, 1, 8.940696716308594e-8, 0), (-1.0058283805847168e-7, 0, 1, 0), (0, 0.30125439167022705, 0, 1) ), ( (2.0341384754374303e-7, 1.4210854715202004e-14, -1, 0), (0.9999999403953552, 1.9470718370939721e-7, 1.8600039197735896e-7, 0), (1.947071694985425e-7, -1, 7.105427357601002e-15, 0), (0, -7.450580596923828e-8, 0, 1) ), ( (1, 2.043390921692336e-14, 2.0058834593328356e-9, 0), (-3.35524048323578e-14, 1, 8.122754024952883e-9, 0), (-2.0058905647601932e-9, -8.122754024952883e-9, 1, 0), (0, 0.2927667498588562, 2.9802322387695312e-8, 1) ), ( (3.1391638799505017e-7, 1.7696527265798068e-7, -1, 0), (8.95422971325388e-8, -1, -1.7696524423627125e-7, 0), (-1, -8.95422473945473e-8, -3.1391644483846903e-7, 0), (-0.6179578304290771, -0.5414663553237915, -0.004447132349014282, 1) ), ( (1, 1.769651021277241e-7, -1.3879438675028655e-14, 0), (-1.769651021277241e-7, 1, 1.0991828958140104e-7, 0), (3.3036832818023054e-14, -1.0991828958140104e-7, 1, 0), (0, 0.3368157148361206, 0, 1) ), ( (-0.9999957084655762, -0.00018603114585857838, -0.002886203583329916, 0), (0.002886202884837985, 2.425794889404642e-7, -0.9999957084655762, 0), (0.00018603137868922204, -1, 2.699129595384875e-7, 0), (0.0005543182487599552, -0.06887967884540558, 1.7208877801895142, 1) ), ( (-0.9999958872795105, 0.0028862098697572947, 0.0001860304328147322, 0), (-0.0028862101025879383, -0.9999958872795105, 2.592084911157144e-7, 0), (0.0001860303891589865, -2.777154008981597e-7, 0.9999999403953552, 0), (0.0004645991139113903, 0.3219512701034546, -5.21540641784668e-8, 1) ), ( (1.0000040531158447, -1.2453917008770077e-8, 2.6834945288101153e-7, 0), (2.966024936768008e-8, 0.9979360103607178, -0.06421534717082977, 0), (-2.6699476052272075e-7, 0.06421533972024918, 0.997935950756073, 0), (1.1641532182693481e-10, 0.32195186614990234, 0, 1) ), ( (1, 1.8052109140853645e-8, -5.045927764513181e-7, 0), (-4.399602460125607e-8, 0.9986749887466431, -0.05146297067403793, 0), (5.029951353208162e-7, 0.051462963223457336, 0.9986750483512878, 0), (-1.1641532182693481e-10, 0.211356520652771, 0, 1.0000001192092896) ), ( (1, 1.784760605971769e-8, 1.7952439534951736e-10, 0), (-1.7810954489050346e-8, 0.9971930384635925, 0.07487422227859497, 0), (1.1573039193635282e-9, -0.07487423717975616, 0.9971931576728821, 0), (2.3283064365386963e-10, 0.25961410999298096, 0, 1.0000001192092896) ), ( (1, 8.916677529668959e-8, 1.4681270421590398e-8, 0), (-8.826482655877044e-8, 0.9289169907569885, 0.3702881634235382, 0), (1.93796729774931e-8, -0.3702881336212158, 0.9289169907569885, 0), (-1.1641532182693481e-10, 0.28752851486206055, 7.450580596923828e-9, 1.0000001192092896) ), ( (1.0000040531158447, -5.670789704481649e-8, 8.33512814324422e-9, 0), (5.706749561795732e-8, 0.9715120196342468, -0.2369879186153412, 0), (5.3413913292388315e-9, 0.2369881570339203, 0.9715129137039185, 0), (0, 0.09875631332397461, 1.1920928955078125e-7, 1) ), ( (1, 5.329070518200751e-15, -1.2878587085651816e-14, 0), (-3.552713678800501e-15, 1, 1.4901161193847656e-8, 0), (-1.354472090042691e-14, -1.4901161193847656e-8, 1, 0), (1.1641532182693481e-10, 0.5146079063415527, 1.4901161193847656e-8, 1) ), ( (0.08872553706169128, -0.042326413094997406, 0.995156466960907, 0), (0.9044665694236755, -0.41506457328796387, -0.09829358756542206, 0), (0.41721463203430176, 0.9088069200515747, 0.0014559738337993622, 0), (0.08828039467334747, 0.21279144287109375, 0.052277572453022, 1.0000001192092896) ), ( (-0.009611930698156357, 0.3443473279476166, -0.9387944936752319, 0), (0.06435373425483704, 0.9370990991592407, 0.34306657314300537, 0), (0.9978874921798706, -0.05711788311600685, -0.031167659908533096, 0), (-2.9802322387695312e-8, 0.17931026220321655, -4.76837158203125e-7, 1) ), ( (0.9991520643234253, -0.02989812195301056, -0.028300832957029343, 0), (0.033119894564151764, 0.9920727014541626, 0.12122296541929245, 0), (0.02445214055478573, -0.12205750495195389, 0.9922217130661011, 0), (0, 0.5143610835075378, 3.725290298461914e-9, 1) ), ( (-0.04852086305618286, -0.09974820166826248, -0.9938290119171143, 0), (-0.035804472863674164, 0.9945350885391235, -0.09807103872299194, 0), (0.9981802701950073, 0.030825018882751465, -0.051827140152454376, 0), (-2.384185791015625e-7, 0.3650723993778229, 1.4901161193847656e-8, 0.9999999403953552) ), ( (0.9880311489105225, -0.011555073782801628, 0.15382055938243866, 0), (-0.012359668500721455, 0.9880537390708923, 0.15361255407333374, 0), (-0.1537579894065857, -0.15367519855499268, 0.9760851263999939, 0), (0, 0.12440234422683716, -2.384185791015625e-7, 0.9999998807907104) ), ( (0.9875677824020386, 0.09766677021980286, -0.1231701523065567, 0), (-0.08327602595090866, 0.9896319508552551, 0.11702047288417816, 0), (0.13332214951515198, -0.10530853271484375, 0.9854618906974792, 0), (5.960464477539063e-8, 0.08915537595748901, 2.384185791015625e-7, 0.9999999403953552) ), ( (0.9969439506530762, -0.018061567097902298, 0.07600750029087067, 0), (0.0026091402396559715, 0.9800631999969482, 0.19866853952407837, 0), (-0.07808039337396622, -0.19786301255226135, 0.9771149754524231, 0), (-6.705522537231445e-8, 0.10336661338806152, 7.152557373046875e-7, 1) ), ( (0.9999998807907104, 1.4901161193847656e-8, -2.9802322387695312e-8, 0), (-7.450580596923828e-9, 0.9999998807907104, -8.940696716308594e-8, 0), (2.60770320892334e-8, 5.960464477539063e-8, 1, 0), (2.2351741790771484e-8, 0.10035240650177002, 0, 0.9999999403953552) ), ( (-0.23663055896759033, 0.06486903876066208, -0.9694315791130066, 0), (-0.9103407263755798, 0.3338795006275177, 0.24454830586910248, 0), (0.33953699469566345, 0.9403809309005737, -0.019953198730945587, 0), (-0.06431042402982712, 0.07430213689804077, 0.010818958282470703, 0.9999998807907104) ), ( (0.9983054399490356, 0.0244596004486084, 0.052799396216869354, 0), (-0.04203483462333679, 0.9305744767189026, 0.363680899143219, 0), (-0.04023829102516174, -0.3652842044830322, 0.9300259947776794, 0), (-4.76837158203125e-7, 0.10562512278556824, -1.1920928955078125e-7, 1) ), ( (1.0000001192092896, 2.9802322387695312e-8, -1.4901161193847656e-8, 0), (-8.940696716308594e-8, 1, 1.2479722499847412e-7, 0), (7.078051567077637e-8, -1.2479722499847412e-7, 1, 0), (0, 0.1269054263830185, 5.960464477539063e-8, 1) ), ( (0.0887257307767868, -0.40847715735435486, 0.9084460139274597, 0), (-0.9044665098190308, -0.41506463289260864, -0.09829424321651459, 0), (0.4172147214412689, -0.8129377961158752, -0.4062808156013489, 0), (-0.08828043937683105, 0.21279144287109375, 0.05227751284837723, 1.0000001192092896) ), ( (-0.8891016244888306, 0.08621229976415634, 0.4495314955711365, 0), (-0.08081863820552826, 0.937099039554596, -0.3395656943321228, 0), (-0.4505300521850586, -0.33823877573013306, -0.826208233833313, 0), (5.960464477539063e-8, 0.179310142993927, 4.76837158203125e-7, 0.9999999403953552) ), ( (0.9683058261871338, 0.1245906800031662, 0.21647368371486664, 0), (-0.1179649755358696, 0.9920726418495178, -0.04331623762845993, 0), (-0.22015440464019775, 0.016407065093517303, 0.9753268957138062, 0), (-1.6391277313232422e-7, 0.5143613219261169, 4.76837158203125e-7, 1) ), ( (0.9712448716163635, -0.09353668987751007, -0.21893852949142456, 0), (0.10139141976833344, 0.9945347905158997, 0.024894729256629944, 0), (0.21541345119476318, -0.04637737572193146, 0.9754210710525513, 0), (5.960464477539063e-8, 0.3650718927383423, 0, 1) ), ( (0.9880322217941284, 0.011554762721061707, 0.15381449460983276, 0), (0.012359194457530975, 0.9880537986755371, -0.15361371636390686, 0), (-0.1537519097328186, 0.15367625653743744, 0.976085901260376, 0), (5.960464477539063e-8, 0.12440204620361328, -2.384185791015625e-7, 0.9999999403953552) ), ( (0.9860442280769348, 0.0845109075307846, -0.1434400975704193, 0), (-0.09983829408884048, 0.989632248878479, -0.10325036942958832, 0), (0.1332271248102188, 0.11613024771213531, 0.984258234500885, 0), (2.9802322387695312e-8, 0.08915495872497559, 0, 1) ), ( (0.9987909197807312, -0.017370734363794327, 0.045988935977220535, 0), (0.026114176958799362, 0.9800626039505005, -0.19696494936943054, 0), (-0.04165061190724373, 0.1979278028011322, 0.9793314337730408, 0), (1.4901161193847656e-8, 0.10336703062057495, -2.384185791015625e-7, 1) ), ( (0.9999998807907104, 3.725290298461914e-9, 1.1175870895385742e-8, 0), (1.4901161193847656e-8, 0.9999998807907104, 8.940696716308594e-8, 0), (-7.450580596923828e-9, -1.1920928955078125e-7, 0.9999999403953552, 0), (7.450580596923828e-9, 0.10035260766744614, 0, 1) ), ( (-0.4613862931728363, -0.1812475621700287, 0.8684884309768677, 0), (-0.859531581401825, 0.33387982845306396, -0.3869495689868927, 0), (-0.21983714401721954, -0.9250264763832092, -0.30983561277389526, 0), (-0.06175333261489868, 0.0743018388748169, -0.020961999893188477, 0.9999999403953552) ), ( (0.989315927028656, 0.14565995335578918, 0.006079435348510742, 0), (-0.13491997122764587, 0.930574893951416, -0.3403334617614746, 0), (-0.055230408906936646, 0.3358772397041321, 0.9402853846549988, 0), (0, 0.10562476515769958, 1.1920928955078125e-7, 0.9999999403953552) ), ( (0.9999999403953552, -8.940696716308594e-8, 2.384185791015625e-7, 0), (1.1920928955078125e-7, 1, 1.1920928955078125e-7, 0), (-2.682209014892578e-7, -1.6391277313232422e-7, 1, 0), (1.1920928955078125e-7, 0.1269054263830185, -1.1920928955078125e-7, 1) ), ( (0.7411615252494812, 0.06812835484743118, 0.6678860783576965, 0), (0.0657128170132637, -0.9974219799041748, 0.028819767758250237, 0), (0.6681164503097534, 0.022528445348143578, -0.7437138557434082, 0), (0.12013576179742813, 0.08386540412902832, -0.0000362396240234375, 1) ), ( (0.9582979679107666, 0.2692720890045166, -0.09568826109170914, 0), (-0.2503022253513336, 0.9524767994880676, 0.173598051071167, 0), (0.13788634538650513, -0.14240798354148865, 0.9801583290100098, 0), (1.4901161193847656e-8, 0.5714236497879028, 1.4901161193847656e-8, 0.9999999403953552) ), ( (0.5450958013534546, -0.10038778185844421, 0.8323601484298706, 0), (0.7987394332885742, 0.36381205916404724, -0.47920018434524536, 0), (-0.2547149956226349, 0.9260421395301819, 0.27849406003952026, 0), (-5.587935447692871e-8, 0.7308671474456787, 1.4901161193847656e-8, 1) ), ( (-0.9916107058525085, -0.07452724128961563, -0.10561329126358032, 0), (-0.0009658061899244785, 0.8213019371032715, -0.5704931616783142, 0), (0.1292577087879181, -0.5656050443649292, -0.814483642578125, 0), (7.450580596923828e-8, 0.3012542128562927, -7.450580596923828e-9, 1) ), ( (1, 3.3493051887489855e-8, -0.000003015637048520148, 0), (-2.838942236849107e-8, 1, 2.60770320892334e-8, 0), (0.0000030153169063851237, -2.9802322387695312e-8, 1, 0), (1.4901161193847656e-8, 0.2132362425327301, -3.725290298461914e-9, 1) ), ( (0.7004257440567017, -0.0824432522058487, -0.7089620232582092, 0), (-0.09640096873044968, -0.9951314926147461, 0.02048249915242195, 0), (-0.7071910500526428, 0.05399737134575844, -0.7049572467803955, 0), (-0.12029517441987991, 0.08409261703491211, -0.002154320478439331, 1) ), ( (0.9530774354934692, -0.2699018716812134, -0.13711200654506683, 0), (0.28530868887901306, 0.9522494077682495, 0.1087242066860199, 0), (0.10121966898441315, -0.14274151623249054, 0.9845706224441528, 0), (2.9802322387695312e-8, 0.5714236497879028, -1.4901161193847656e-8, 1) ), ( (0.6742008924484253, 0.06426163017749786, -0.7357655763626099, 0), (-0.7012331485748291, 0.3683398962020874, -0.6103872656822205, 0), (0.23178671300411224, 0.9274646639823914, 0.2933966815471649, 0), (-6.705522537231445e-8, 0.7308675050735474, 0, 0.9999999403953552) ), ( (-0.9971063733100891, 0.06907086074352264, 0.03174593672156334, 0), (0.03877128288149834, 0.8213022351264954, -0.5691742300987244, 0), (-0.0653863474726677, -0.5662964582443237, -0.8216037750244141, 0), (2.9802322387695312e-8, 0.3012546896934509, 7.450580596923828e-9, 1.0000001192092896) ), ( (1, 2.9569491744041443e-8, 0.000003977678716182709, 0), (-2.2264430299401283e-8, 1, -2.9802322387695312e-8, 0), (-0.000003976747393608093, 3.725290298461914e-8, 1, 0), (0, 0.2132367193698883, -3.725290298461914e-9, 1) )]
        }

        def Xform "characterLargeMale"
        {
            custom string userProperties:blender:object_name = "characterLargeMale"
            float3 xformOp:rotateXYZ = (-0.000009334668, 0, 0)
            float3 xformOp:scale = (1, 1, 1)
            double3 xformOp:translate = (0, 0, 0)
            uniform token[] xformOpOrder = ["xformOp:translate", "xformOp:rotateXYZ", "xformOp:scale"]

            def Mesh "characterLargeMale" (
                active = true
                prepend apiSchemas = ["MaterialBindingAPI", "SkelBindingAPI"]
            )
            {
                uniform bool doubleSided = 1
                float3[] extent = [(-1.5340306, -0.3524175, 0.010524772), (1.5347563, 0.21077122, 3.09326)]
                int[] faceVertexCounts = [4, 4, 4, 4, 4, 4, 4, 4, 4, 4, 4, 4, 4, 4, 4, 4, 4, 4, 4, 4, 4, 4, 4, 4, 4, 4, 4, 4, 4, 4, 4, 4, 4, 4, 4, 4, 4, 4, 4, 4, 4, 4, 4, 4, 4, 4, 4, 4, 4, 4, 4, 4, 4, 4, 4, 4, 4, 4, 4, 4, 4, 4, 4, 4, 4, 4, 4, 4, 4, 4, 4, 4, 4, 4, 4, 3, 3, 4, 4, 4, 4, 4, 4, 4, 4, 4, 4, 4, 4, 4, 4, 4, 4, 4, 4, 4, 4, 4, 4, 4, 4, 4, 4, 4, 4, 3, 3, 4, 4, 4, 4, 4, 4, 4, 3, 4, 4, 4, 4, 4, 4, 4, 4, 4, 4, 4, 4, 4, 4, 4, 4, 4, 4, 4, 4, 4, 4, 4, 4, 4, 4, 4, 4, 4, 3, 4, 4, 4, 3, 3, 4, 4, 4, 4, 4, 4, 4, 4, 4, 4, 4, 4, 4, 4, 4, 4, 4, 4, 4, 4, 4, 4, 4, 4, 4, 4, 3, 4, 4, 3, 4, 4, 4, 4, 4, 4, 4, 4, 4, 4, 4, 4, 4, 4, 4, 4, 4, 4, 4, 4, 4, 4, 4, 4, 4, 4, 4, 4, 4, 4, 4, 4, 4, 4, 4, 4, 4, 4, 4, 4, 4, 4, 4, 4, 4, 4, 4, 4, 4, 4, 4, 4, 4, 4, 4, 4, 4, 4, 4, 4, 4, 4, 4, 4, 4, 4, 4, 4, 4, 4, 4, 4, 4, 4, 4, 4, 4, 4, 4, 4, 4, 4, 4, 4, 4, 4, 4, 4, 4, 4, 4, 4, 4, 4, 4, 4, 4, 4, 4, 4, 4, 4, 4, 4, 4, 4, 4, 4, 4, 4, 4, 4, 4, 4, 4, 4, 4, 4, 4, 4, 4, 4, 4, 4, 4, 4, 4, 4, 4, 4, 4, 4, 4, 4, 4, 4, 4, 4, 4, 4, 4, 4, 4, 4, 3, 3, 4, 4, 4, 4, 4, 4, 4, 4, 4, 4, 4, 4, 4, 4, 4, 4, 4, 4, 4, 4, 3, 3, 4, 4, 4, 4, 4, 4, 4, 4, 4, 4, 4, 4, 4, 4, 4, 4, 4, 4, 4, 4, 4, 4, 4, 4, 4, 4, 4, 4, 4, 4, 4, 4, 4, 4, 4, 4, 4, 4, 4, 4, 4, 4, 4, 4, 4, 4, 4, 4, 4, 4, 4, 4, 4, 4, 4, 4, 4, 4, 4, 4, 4, 4, 4, 4, 4, 4, 4, 4, 4, 4, 4, 4, 4, 4, 4, 4, 3, 3, 4, 4, 4, 4, 4, 4, 4, 4, 4, 4, 4, 4, 4, 4, 4, 4, 4, 4, 4, 4, 4, 4, 4, 4, 4, 4, 4, 4, 3, 3, 4, 4, 4, 4, 4, 4, 4, 3, 4, 4, 4, 4, 4, 4, 4, 4, 4, 4, 4, 4, 4, 4, 4, 4, 4, 4, 4, 4, 4, 4, 4, 4, 4, 4, 4, 4, 4, 3, 4, 4, 4, 3, 3, 4, 4, 4, 4, 4, 4, 4, 4, 4, 4, 4, 4, 4, 4, 4, 4, 4, 4, 4, 4, 4, 4, 4, 4, 4, 4, 3, 4, 4, 3, 4, 4, 4, 4, 4, 4, 4, 4, 4, 4, 4, 4, 4, 4, 4, 4, 4, 4, 4, 4, 4, 4, 4, 4, 4, 4, 4, 4, 4, 4, 4, 4, 4, 4, 4, 4, 4, 4, 4, 4, 4, 4, 4, 4, 4, 4, 4, 4, 4, 4, 4, 4, 4, 4, 4, 4, 4, 4, 4, 4, 4, 4, 4, 4, 4, 4, 4, 4, 4, 4, 4, 4, 4, 4, 4, 4, 4, 4, 4, 4, 4, 4, 4, 4, 4, 4, 4, 4, 4, 4, 4, 4, 4, 4, 4, 4, 4, 4, 4, 4, 4, 4, 4, 4, 4, 4, 4, 4, 4, 4, 4, 4, 4, 4, 4, 4, 4, 4, 4, 4, 4, 4, 4, 4, 4, 4, 4, 4, 4, 4, 4, 4, 4, 4, 4, 4, 4, 4, 4, 4, 4, 4, 4, 4, 3, 3, 4, 4, 4, 4, 4, 4, 4, 4, 4, 4, 4, 4, 4, 4, 4, 4, 4, 4, 4, 4, 3, 3, 4, 4, 4, 4, 4, 4, 4, 4, 4, 4, 4, 4, 4, 4, 4, 4, 4, 4, 4, 4, 4, 4, 4, 4, 4, 4, 4, 4, 4, 4, 4, 4, 4, 4, 4, 3, 4, 4, 3, 4, 4, 4, 4, 3, 4, 4, 3, 4, 4, 4, 4, 4, 4, 4, 4, 4, 4, 4, 4, 4, 4, 4, 4, 4, 4, 4, 4, 4, 4, 4, 4, 4, 4, 4, 4, 4, 4, 4, 4, 4, 4, 4, 4, 4, 4, 4, 4, 4, 4, 4, 4, 4, 4, 4, 4, 4, 4, 4, 4, 4, 4, 4, 4, 4, 4, 4, 4, 4, 4, 4, 4, 4, 4, 4, 4, 4, 4, 4, 4, 4, 4, 4, 4, 4, 4, 4, 4, 4, 4, 4, 4, 4, 4, 4, 4, 4, 4, 4, 4, 3, 3, 3, 3, 4, 4, 4, 4, 4, 4, 4, 4, 4, 4, 4, 4, 4, 4, 4, 4, 4, 3, 4, 4, 4, 3, 4, 4, 4, 3, 4, 4, 4, 3, 4, 4, 3, 3, 3, 3, 4, 4, 4, 4, 4, 4, 4, 4, 4, 4, 4, 4, 4, 4, 4, 4, 4, 4, 4, 4, 4, 4, 4, 4, 4, 4, 4, 4, 4, 4, 4, 4]
