#usda 1.0
(
    defaultPrim = "root"
    doc = "Blender v5.1.2"
    metersPerUnit = 1
    upAxis = "Y"
)

def Xform "root" (
    customData = {
        dictionary Blender = {
            bool generated = 1
        }
    }
)
{
    float3 xformOp:rotateXYZ = (-90, -0, 0)
    uniform token[] xformOpOrder = ["xformOp:rotateXYZ"]

    def SkelRoot "Root"
    {
        custom string userProperties:blender:object_name = "Root"
        float3 xformOp:rotateXYZ = (-0.000009334668, 0, 0)
        float3 xformOp:scale = (1, 1, 1)
        double3 xformOp:translate = (0, 0, 0)
        uniform token[] xformOpOrder = ["xformOp:translate", "xformOp:rotateXYZ", "xformOp:scale"]

        def Skeleton "Root" (
            prepend apiSchemas = ["SkelBindingAPI"]
        )
        {
            uniform matrix4d[] bindTransforms = [( (-5.205485535952903e-7, 0.9999999403953552, -1.2807456073460344e-7, 0), (0, -1.280745181020393e-7, -0.9999997615814209, 0), (-0.9999998807907104, -5.205484967518714e-7, 1.2807458915631287e-7, 0), (0.3028550148010254, 0.1488099992275238, 0.19320479035377502, 1) ), ( (-0.9994967579841614, -0.0005357624031603336, 0.0317106768488884, 0), (0.0005070663755759597, -0.9999993443489075, -0.0009155382285825908, 0), (0.03171102702617645, -0.0008989983471110463, 0.9994964003562927, 0), (0.32509541511535645, 0.21966257691383362, 0.01330345869064331, 1) ), ( (0.9789535403251648, 0.2041052132844925, -4.172325134277344e-7, 0), (-0.20410527288913727, 0.9789488911628723, 1.3969838619232178e-9, 0), (-5.21540641784668e-8, 5.1106326282024384e-8, 0.9999997615814209, 0), (0.3539339303970337, -0.08725576102733612, 0.01315497886389494, 1) ), ( (0.9849836230278015, 0.11463597416877747, 0.1291302740573883, 0), (0.16955412924289703, -0.7836095690727234, -0.5976681113243103, 0), (0.032674405723810196, 0.6105852723121643, -0.7912749648094177, 0), (0.3028550446033478, 0.14880996942520142, 0.19320490956306458, 1) ), ( (0.9849836230278015, 0.1146363914012909, 0.12912976741790771, 0), (0.16955414414405823, -0.7836095690727234, -0.5976681113243103, 0), (0.032673757523298264, 0.6105851531028748, -0.7912750840187073, 0), (0.3539339601993561, -0.08725576102733612, 0.013154834508895874, 1) ), ( (0.9999998807907104, 3.482739430182846e-8, -8.865271183822188e-9, 0), (-5.684341886080802e-14, 0.9999998807907104, -3.316654897389526e-7, 0), (-1.1920926823449918e-7, 3.3166546131724317e-7, 0.9999997615814209, 0), (0.3028550148010254, 0.1488099992275238, 0.19320493936538696, 1) ), ( (0.9999998807907104, 3.4827294825845456e-8, -1.3758850059275574e-7, 0), (-1.6940658945086007e-21, 0.9999998807907104, -2.544886683608638e-7, 0), (9.513975385289086e-9, 2.5448861151744495e-7, 0.9999997615814209, 0), (0.3028550148010254, 0.44157665967941284, 0.1932048499584198, 1) ), ( (0.9999998807907104, -3.178649876645068e-8, 2.258554161471693e-7, 0), (-3.539300053034822e-7, 1.28074432836911e-7, 0.9999997615814209, 0), (-3.178649876645068e-8, -0.9999999403953552, 1.28074532312894e-7, 0), (0.27696824073791504, -0.46914780139923096, 0.7799054384231567, 1) ), ( (0.9999998807907104, -3.178654139901482e-8, 4.889054139312066e-8, 0), (-1.769651021277241e-7, 1.4210854715202004e-14, 0.9999997615814209, 0), (-3.1786495213737e-8, -0.9999999403953552, 1.2789769243681803e-13, 0), (0.2769681215286255, -0.46914777159690857, 1.116721272468567, 1) ), ( (-5.205485535952903e-7, 0.9999999403953552, -1.2806147253741074e-7, 0), (0, -1.280614299048466e-7, -0.9999997615814209, 0), (-0.9999998807907104, -5.205484967518714e-7, 1.2806150095912017e-7, 0), (-0.30237263441085815, 0.1488099992275238, 0.19320479035377502, 1) ), ( (-0.9995055198669434, 0.0004781654570251703, 0.03143391013145447, 0), (-0.0005070643965154886, -0.9999992847442627, -0.0009154897416010499, 0), (0.031433332711458206, -0.0009309764136560261, 0.9995051622390747, 0), (-0.3246130645275116, 0.21966257691383362, 0.013303428888320923, 1) ), ( (0.9789533019065857, -0.20410537719726562, -2.0116567611694336e-7, 0), (0.20410525798797607, 0.9789487719535828, 0, 0), (-1.7136335372924805e-7, -1.1175870895385742e-8, 0.9999996423721313, 0), (-0.35345155000686646, -0.08725571632385254, 0.013154974207282066, 1) ), ( (0.9849834442138672, -0.15484890341758728, -0.07640785723924637, 0), (-0.1695542186498642, -0.7836094498634338, -0.597667932510376, 0), (0.03267413750290871, 0.6016457676887512, -0.7980937361717224, 0), (-0.30237266421318054, 0.1488099992275238, 0.19320492446422577, 1) ), ( (0.9849834442138672, -0.15484900772571564, -0.07640770822763443, 0), (-0.1695542186498642, -0.7836093306541443, -0.5976681113243103, 0), (0.03267434984445572, 0.6016458868980408, -0.7980936169624329, 0), (-0.35345160961151123, -0.08725576102733612, 0.013154849410057068, 1) ), ( (0.9999998807907104, 3.482739430182846e-8, -8.852182986629487e-9, 0), (-5.684341886080802e-14, 0.9999998807907104, -3.316524157526146e-7, 0), (-1.1920926823449918e-7, 3.3165235890919575e-7, 0.9999997615814209, 0), (-0.30237263441085815, 0.1488099992275238, 0.19320493936538696, 1) ), ( (0.9999998807907104, 3.4827294825845456e-8, -1.3757541239556303e-7, 0), (5.929230630780102e-21, 0.9999998807907104, -2.544886683608638e-7, 0), (9.513975385289086e-9, 2.5448861151744495e-7, 0.9999997615814209, 0), (-0.30237263441085815, 0.44157665967941284, 0.1932048499584198, 1) ), ( (0.9999998807907104, -3.178649876645068e-8, 2.25868504344362e-7, 0), (-3.539300053034822e-7, 1.280613446397183e-7, 0.9999997615814209, 0), (-3.178649876645068e-8, -0.9999999403953552, 1.280614441157013e-7, 0), (-0.2731741666793823, -0.4691477417945862, 0.7799054384231567, 1) ), ( (0.9999998807907104, -3.178654139901482e-8, 4.890362959031336e-8, 0), (-1.769651021277241e-7, 1.4210854715202004e-14, 0.9999997615814209, 0), (-3.1786495213737e-8, -0.9999999403953552, 1.2789769243681803e-13, 0), (-0.2731742858886719, -0.4691477119922638, 1.116721272468567, 1) ), ( (-0.999995768070221, -0.00018602926866151392, -0.0028861411847174168, 0), (0.002886140253394842, 2.7191799745196477e-7, -0.999995768070221, 0), (0.00018602963245939463, -1, 2.4633482098579407e-7, 0), (-0.0002234087442047894, -0.031240252777934074, 1.5641722679138184, 1) ), ( (1, -5.093170329928398e-10, 9.771481401799065e-10, 0), (4.92959423281647e-11, -2.842170943040401e-14, 0.9999999403953552, 0), (-1.6007106751203537e-10, -1, -1.8655100575415418e-8, 0), (0.0002411895984550938, -0.031240206211805344, 1.2422211170196533, 1) ), ( (1, -2.3452805919532693e-8, -1.8610322172207816e-8, 0), (2.2305769675767806e-8, 0.12185745686292648, 0.9925475120544434, 0), (-2.053849534888741e-8, -0.9925476312637329, 0.12185743451118469, 0), (0.00024119013687595725, -0.031240209937095642, 1.564172625541687, 1) ), ( (1, -1.0337508626889758e-9, 1.0939977812540747e-9, 0), (1.27675647831893e-15, 0.0982125923037529, 0.9951652884483337, 0), (-6.878284608546892e-10, -0.9951654672622681, 0.0982125774025917, 0), (0.00024119653971865773, 0.0037387963384389877, 1.8490822315216064, 1) ), ( (1, -5.0899423564843e-10, 1.0264457062092447e-9, 0), (0, 1.4901161193847656e-8, 0.9999998211860657, 0), (-1.5974654932193744e-10, -1, 2.2351741790771484e-8, 0), (0.0002411965251667425, 0.03372086212038994, 2.1528828144073486, 1) ), ( (1, 3.159427164334261e-10, 1.1292814461327794e-9, 0), (0, -0.15278100967407227, 0.9882599115371704, 0), (6.730924706488395e-10, -0.9882600903511047, -0.15278097987174988, 0), (0.0002411965251667425, 0.03372085466980934, 2.4237470626831055, 1) ), ( (1, -4.748974546942009e-10, 1.0258205396240783e-9, 0), (1.3877787807814457e-17, -0.004975080490112305, 0.9999874234199524, 0), (-1.2565132267994272e-10, -0.9999876618385315, -0.004975080490112305, 0), (0.00024119653971865773, -0.008753694593906403, 2.6984925270080566, 1) ), ( (1, -4.748973991830496e-10, 1.0258205396240783e-9, 0), (-4.19266833230159e-20, -0.004975061397999525, 0.9999874234199524, 0), (-1.256512810465793e-10, -0.9999876618385315, -0.004975061397999525, 0), (0.00024119653971865773, -0.013750717043876648, 3.702889919281006, 1) ), ( (0.06147327274084091, -0.9980712532997131, 0.008688336238265038, 0), (0.9553337097167969, 0.056315723806619644, -0.29011473059654236, 0), (0.28906580805778503, 0.026134561747312546, 0.9569523334503174, 0), (0.08852159231901169, -0.031240209937095642, 2.433964490890503, 1) ), ( (-0.08858755230903625, 0.003936132416129112, -0.9960604906082153, 0), (0.9957268238067627, 0.026535965502262115, -0.0884530246257782, 0), (0.026083074510097504, -0.9996404051780701, -0.0062699951231479645, 0), (0.33576416969299316, -0.016665570437908173, 2.358882427215576, 1) ), ( (-0.07719206064939499, 0.028853271156549454, -0.996598482131958, 0), (0.9946128726005554, -0.06713476777076721, -0.07898194342851639, 0), (-0.06918546557426453, -0.9973269701004028, -0.023515483364462852, 0), (0.804529070854187, -0.004173059016466141, 2.3172404766082764, 1) ), ( (0.0054612234234809875, 0.9967792630195618, 0.0800134539604187, 0), (0.9976789951324463, 7.450580596923828e-8, -0.06809383630752563, 0), (-0.0678744688630104, 0.0801997035741806, -0.9944651126861572, 0), (1.32891845703125, -0.039568472653627396, 2.2755987644195557, 1) ), ( (-0.013546133413910866, 0.9971855282783508, -0.0737462192773819, 0), (0.9835447669029236, 6.51925802230835e-8, -0.1806650161743164, 0), (-0.18015648424625397, -0.07498005777597427, -0.9807758927345276, 0), (1.4671969413757324, -0.0395684614777565, 2.2661609649658203, 1) ), ( (0.020034916698932648, 0.9982402324676514, 0.05582040548324585, 0), (0.9412129521369934, 0, -0.3378140330314636, 0), (-0.3372194170951843, 0.05930694192647934, -0.9395559430122375, 0), (1.5781623125076294, -0.03956848382949829, 2.2457778453826904, 1) ), ( (-0.0006905104964971542, 0.9999988675117493, -0.001604236662387848, 0), (0.9184814691543579, -1.862645149230957e-9, -0.39546409249305725, 0), (-0.3954635560512543, -0.00174659863114357, -0.9184798002243042, 0), (1.6742891073226929, -0.039568498730659485, 2.2112770080566406, 1) ), ( (-0.0006904988549649715, 0.9999988675117493, -0.0016042048810049891, 0), (0.9184814691543579, -1.6837982397266416e-11, -0.39546412229537964, 0), (-0.39546358585357666, -0.0017465647542849183, -0.9184798002243042, 0), (1.7941498756408691, -0.039568498730659485, 2.1596693992614746, 1) ), ( (0.12228220701217651, -0.2729825973510742, 0.9542154669761658, 0), (0.3550923466682434, -0.8857578635215759, -0.2989027202129364, 0), (0.9267991185188293, 0.37538549304008484, -0.011378439143300056, 0), (1.3792598247528076, -0.10431079566478729, 2.2644824981689453, 1) ), ( (0.14900192618370056, -0.26436880230903625, 0.952841579914093, 0), (0.6899086236953735, -0.6625219583511353, -0.29170387983322144, 0), (0.7083959579467773, 0.700838565826416, 0.08367311954498291, 0), (1.416852593421936, -0.19808387756347656, 2.2328383922576904, 1) ), ( (0.14900192618370056, -0.26436880230903625, 0.952841579914093, 0), (0.6899086236953735, -0.6625219583511353, -0.29170387983322144, 0), (0.7083959579467773, 0.700838565826416, 0.08367310464382172, 0), (1.5080996751785278, -0.28570881485939026, 2.1942577362060547, 1) ), ( (0.06147388368844986, -0.9223350882530212, -0.38146910071372986, 0), (-0.955333411693573, 0.05631567910313606, -0.29011449217796326, 0), (0.28906553983688354, 0.38226476311683655, -0.8776755928993225, 0), (-0.08803921937942505, -0.031240209937095642, 2.433964490890503, 1) ), ( (0.03415742516517639, 0.9957267045974731, -0.08579793572425842, 0), (-0.9957271218299866, 0.02653602510690689, -0.08845257759094238, 0), (-0.0857979953289032, 0.08845248818397522, 0.9923781156539917, 0), (-0.3352817893028259, -0.016665559262037277, 2.358882188796997, 1) ), ( (-0.0604478158056736, 0.9946126341819763, -0.08421094715595245, 0), (-0.9946131110191345, -0.06713476777076721, -0.07898242771625519, 0), (-0.08421053737401962, 0.07898283749818802, 0.9933124780654907, 0), (-0.8040467500686646, -0.004173074848949909, 2.3172404766082764, 1) ), ( (0.005460786167532206, 0.9967787861824036, -0.08001188188791275, 0), (-0.9976791143417358, 3.702007234096527e-8, -0.06809377670288086, 0), (-0.06787456572055817, 0.08019787818193436, 0.9944650530815125, 0), (-1.328436255455017, -0.0395684614777565, 2.2755990028381348, 1) ), ( (-0.013546129688620567, 0.9971850514411926, 0.07374435663223267, 0), (-0.9835448861122131, 6.612390279769897e-8, -0.18066483736038208, 0), (-0.18015645444393158, -0.07497832179069519, 0.9807758927345276, 0), (-1.466714859008789, -0.0395684652030468, 2.2661609649658203, 1) ), ( (0.02003401704132557, 0.9982396960258484, -0.05581941455602646, 0), (-0.9412131905555725, 2.7939677238464355e-9, -0.33781328797340393, 0), (-0.3372189700603485, 0.05930561572313309, 0.9395561218261719, 0), (-1.5776803493499756, -0.03956849128007889, 2.2457783222198486, 1) ), ( (-0.0006903372704982758, 0.9999982714653015, 0.0016025975346565247, 0), (-0.918480634689331, 1.1641532182693481e-9, -0.3954659700393677, 0), (-0.3954656720161438, -0.0017450489103794098, 0.9184789061546326, 0), (-1.6738072633743286, -0.0395684540271759, 2.2112772464752197, 1) ), ( (-0.0006903367466293275, 0.9999982714653015, 0.0016025934601202607, 0), (-0.918480634689331, 4.9055759454574854e-11, -0.3954659700393677, 0), (-0.3954656720161438, -0.0017450449522584677, 0.9184789061546326, 0), (-1.7936679124832153, -0.0395684540271759, 2.1596693992614746, 1) ), ( (0.12227901816368103, -0.36100175976753235, 0.9245133996009827, 0), (-0.35509318113327026, -0.885757327079773, -0.29890239238739014, 0), (0.9267993569374084, -0.2917391061782837, -0.23649868369102478, 0), (-1.3787775039672852, -0.10431081056594849, 2.264482259750366, 1) ), ( (0.09744305163621902, -0.484290212392807, 0.8694638013839722, 0), (-0.6899083852767944, -0.6625217199325562, -0.2917037904262543, 0), (0.717308521270752, -0.5714260339736938, -0.39867380261421204, 0), (-1.4163705110549927, -0.19808398187160492, 2.2328383922576904, 1) ), ( (0.09744305908679962, -0.4842902719974518, 0.8694638013839722, 0), (-0.6899084448814392, -0.6625216603279114, -0.29170382022857666, 0), (0.7173084616661072, -0.5714260339736938, -0.3986738622188568, 0), (-1.5076175928115845, -0.2857089042663574, 2.1942577362060547, 1) ), ( (0.9894867539405823, 0.039543330669403076, 0.13916240632534027, 0), (0.13767853379249573, 0.03802109509706497, -0.9897470474243164, 0), (-0.04443243145942688, 0.9984946250915527, 0.032176099717617035, 0), (0.20177112519741058, -0.03124028444290161, 1.3006844520568848, 1) ), ( (0.998899519443512, -0.011992976069450378, 0.04549482837319374, 0), (0.047044090926647186, 0.26288020610809326, -0.9636812210083008, 0), (-0.00040469318628311157, 0.9647544026374817, 0.26315268874168396, 0), (0.2742140591144562, -0.011234551668167114, 0.7799047827720642, 1) ), ( (0.9849859476089478, 0.11463120579719543, 0.1291338950395584, 0), (0.16955424845218658, -0.7836099863052368, -0.597668468952179, 0), (0.032675180584192276, 0.6105865836143494, -0.7912757992744446, 0), (0.3028550446033478, 0.14881004393100739, 0.19320416450500488, 1) ), ( (-0.9928099513053894, -0.11975370347499847, 0.00004717707633972168, 0), (0.11966198682785034, -0.9920269846916199, -0.03957408666610718, 0), (0.004788894206285477, -0.03928428888320923, 0.9992167949676514, 0), (0.35393399000167847, -0.08725570142269135, 0.013154134154319763, 1) ), ( (-0.9928099513053894, -0.11975383013486862, 0.000050625614676391706, 0), (0.11966197937726974, -0.9920269846916199, -0.03957413509488106, 0), (0.004792326129972935, -0.03928392380475998, 0.9992167949676514, 0), (0.3794502317905426, -0.29879164695739746, 0.00471551064401865, 1) ), ( (0.9894869327545166, 0.05011776089668274, -0.13571825623512268, 0), (-0.13767856359481812, 0.03802109882235527, -0.989747166633606, 0), (-0.0444391667842865, 0.9980201721191406, 0.0445202961564064, 0), (-0.20128874480724335, -0.03124028444290161, 1.3006844520568848, 1) ), ( (0.9989000558853149, 0.012779902666807175, -0.04528077319264412, 0), (-0.047044090926647186, 0.2628802955150604, -0.9636815190315247, 0), (-0.00040827319025993347, 0.9647446274757385, 0.2631893754005432, 0), (-0.27373161911964417, -0.011234566569328308, 0.7799050211906433, 1) ), ( (0.9849864840507507, -0.1548442244529724, -0.07640835642814636, 0), (-0.1695544272661209, -0.7836102247238159, -0.5976686477661133, 0), (0.03267668932676315, 0.6016474962234497, -0.7980946898460388, 0), (-0.30237263441085815, 0.1488099992275238, 0.19320440292358398, 1) ), ( (-0.9928106665611267, 0.11936769634485245, 0.00958702526986599, 0), (-0.11966205388307571, -0.9920274615287781, -0.039574116468429565, 0), (0.004783622920513153, -0.040437519550323486, 0.999171257019043, 0), (-0.35345160961151123, -0.08725567162036896, 0.01315443217754364, 1) ), ( (-0.9928106665611267, 0.1193678081035614, 0.00958319567143917, 0), (-0.11966200917959213, -0.9920274615287781, -0.03957405686378479, 0), (0.004779827315360308, -0.040437001734972, 0.9991713166236877, 0), (-0.37896788120269775, -0.29879164695739746, 0.004715805873274803, 1) )]
            uniform token[] joints = ["LeftFootCtrl", "LeftFootCtrl/LeftHeelRoll", "LeftFootCtrl/LeftHeelRoll/LeftToeRoll", "LeftFootCtrl/LeftHeelRoll/LeftToeRoll/LeftFootIK", "LeftFootCtrl/LeftHeelRoll/LeftToeRoll/LeftFootIK/LeftFootIK_end", "LeftFootCtrl/LeftFootRollCtrl", "LeftFootCtrl/LeftFootRollCtrl/LeftFootRollCtrl_end", "LeftFootCtrl/LeftKneeCtrl", "LeftFootCtrl/LeftKneeCtrl/LeftKneeCtrl_end", "RightFootCtrl", "RightFootCtrl/RightHeelRoll", "RightFootCtrl/RightHeelRoll/RightToeRoll", "RightFootCtrl/RightHeelRoll/RightToeRoll/RightFootIK", "RightFootCtrl/RightHeelRoll/RightToeRoll/RightFootIK/RightFootIK_end", "RightFootCtrl/RightFootRollCtrl", "RightFootCtrl/RightFootRollCtrl/RightFootRollCtrl_end", "RightFootCtrl/RightKneeCtrl", "RightFootCtrl/RightKneeCtrl/RightKneeCtrl_end", "HipsCtrl", "HipsCtrl/Hips", "HipsCtrl/Hips/Spine", "HipsCtrl/Hips/Spine/Chest", "HipsCtrl/Hips/Spine/Chest/UpperChest", "HipsCtrl/Hips/Spine/Chest/UpperChest/Neck", "HipsCtrl/Hips/Spine/Chest/UpperChest/Neck/Head", "HipsCtrl/Hips/Spine/Chest/UpperChest/Neck/Head/Head_end", "HipsCtrl/Hips/Spine/Chest/UpperChest/LeftShoulder", "HipsCtrl/Hips/Spine/Chest/UpperChest/LeftShoulder/LeftArm", "HipsCtrl/Hips/Spine/Chest/UpperChest/LeftShoulder/LeftArm/LeftForeArm", "HipsCtrl/Hips/Spine/Chest/UpperChest/LeftShoulder/LeftArm/LeftForeArm/LeftHand", "HipsCtrl/Hips/Spine/Chest/UpperChest/LeftShoulder/LeftArm/LeftForeArm/LeftHand/LeftHandIndex1", "HipsCtrl/Hips/Spine/Chest/UpperChest/LeftShoulder/LeftArm/LeftForeArm/LeftHand/LeftHandIndex1/LeftHandIndex2", "HipsCtrl/Hips/Spine/Chest/UpperChest/LeftShoulder/LeftArm/LeftForeArm/LeftHand/LeftHandIndex1/LeftHandIndex2/LeftHandIndex3", "HipsCtrl/Hips/Spine/Chest/UpperChest/LeftShoulder/LeftArm/LeftForeArm/LeftHand/LeftHandIndex1/LeftHandIndex2/LeftHandIndex3/LeftHandIndex3_end", "HipsCtrl/Hips/Spine/Chest/UpperChest/LeftShoulder/LeftArm/LeftForeArm/LeftHand/LeftHandThumb1", "HipsCtrl/Hips/Spine/Chest/UpperChest/LeftShoulder/LeftArm/LeftForeArm/LeftHand/LeftHandThumb1/LeftHandThumb2", "HipsCtrl/Hips/Spine/Chest/UpperChest/LeftShoulder/LeftArm/LeftForeArm/LeftHand/LeftHandThumb1/LeftHandThumb2/LeftHandThumb2_end", "HipsCtrl/Hips/Spine/Chest/UpperChest/RightShoulder", "HipsCtrl/Hips/Spine/Chest/UpperChest/RightShoulder/RightArm", "HipsCtrl/Hips/Spine/Chest/UpperChest/RightShoulder/RightArm/RightForeArm", "HipsCtrl/Hips/Spine/Chest/UpperChest/RightShoulder/RightArm/RightForeArm/RightHand", "HipsCtrl/Hips/Spine/Chest/UpperChest/RightShoulder/RightArm/RightForeArm/RightHand/RightHandIndex1", "HipsCtrl/Hips/Spine/Chest/UpperChest/RightShoulder/RightArm/RightForeArm/RightHand/RightHandIndex1/RightHandIndex2", "HipsCtrl/Hips/Spine/Chest/UpperChest/RightShoulder/RightArm/RightForeArm/RightHand/RightHandIndex1/RightHandIndex2/RightHandIndex3", "HipsCtrl/Hips/Spine/Chest/UpperChest/RightShoulder/RightArm/RightForeArm/RightHand/RightHandIndex1/RightHandIndex2/RightHandIndex3/RightHandIndex3_end", "HipsCtrl/Hips/Spine/Chest/UpperChest/RightShoulder/RightArm/RightForeArm/RightHand/RightHandThumb1", "HipsCtrl/Hips/Spine/Chest/UpperChest/RightShoulder/RightArm/RightForeArm/RightHand/RightHandThumb1/RightHandThumb2", "HipsCtrl/Hips/Spine/Chest/UpperChest/RightShoulder/RightArm/RightForeArm/RightHand/RightHandThumb1/RightHandThumb2/RightHandThumb2_end", "HipsCtrl/Hips/LeftUpLeg", "HipsCtrl/Hips/LeftUpLeg/LeftLeg", "HipsCtrl/Hips/LeftUpLeg/LeftLeg/LeftFoot", "HipsCtrl/Hips/LeftUpLeg/LeftLeg/LeftFoot/LeftToes", "HipsCtrl/Hips/LeftUpLeg/LeftLeg/LeftFoot/LeftToes/LeftToes_end", "HipsCtrl/Hips/RightUpLeg", "HipsCtrl/Hips/RightUpLeg/RightLeg", "HipsCtrl/Hips/RightUpLeg/RightLeg/RightFoot", "HipsCtrl/Hips/RightUpLeg/RightLeg/RightFoot/RightToes", "HipsCtrl/Hips/RightUpLeg/RightLeg/RightFoot/RightToes/RightToes_end"]
            float[] primvars:blender:bone_lengths = [0.34904265, 0.30827022, 0.30125418, 0.30125427, 0.30125427, 0.2927667, 0.29276666, 0.3368159, 0.3368158, 0.3490783, 0.30827022, 0.30125418, 0.30125436, 0.30125436, 0.2927667, 0.29276666, 0.3368159, 0.3368158, 0.3219513, 0.2472091, 0.28704873, 0.30527675, 0.29141837, 0.2780091, 1.0044104, 1.0044106, 0.25880134, 0.4707748, 0.52722776, 0.11068035, 0.11282139, 0.102130376, 0.13049884, 0.13049884, 0.10586758, 0.13225967, 0.13225968, 0.2588015, 0.47077486, 0.5272275, 0.11068044, 0.11282152, 0.10213061, 0.13049883, 0.13049883, 0.105867684, 0.1322597, 0.1322597, 0.5261741, 0.608811, 0.3012539, 0.21323608, 0.21323605, 0.526174, 0.60881156, 0.30125412, 0.21323599, 0.21323594] (
                interpolation = "uniform"
            )
            uniform matrix4d[] restTransforms = [( (-5.205485535952903e-7, 0.9999999403953552, -1.0904677338885449e-7, 0), (-6.598394008960895e-8, -1.0904675917799977e-7, -0.9999997615814209, 0), (-0.9999998807907104, -5.205484967518714e-7, 1.940585150350671e-7, 0), (0.20420880615711212, 0.14880995452404022, 0.19320480525493622, 1) ), ( (-0.0005354105960577726, -0.03171071037650108, 0.9994968175888062, 0), (-0.9999992847442627, 0.0009199679479934275, -0.0005065735895186663, 0), (-0.0009034413960762322, -0.9994965195655823, -0.03171118348836899, 0), (0.07085254788398743, 0.1799013912677765, -0.022240474820137024, 1) ), ( (-0.978570818901062, -0.203608438372612, 0.03085990622639656, 0), (0.20347771048545837, -0.9790520071983337, -0.007351826410740614, 0), (0.031710535287857056, -0.000914939446374774, 0.9994968175888062, 0), (-0.028664276003837585, 0.3069329857826233, 0.0010420344769954681, 1) ), ( (0.9876421093940735, -0.08881665766239166, 0.12913073599338531, 0), (0.006045902613550425, -0.8017206788063049, -0.597667932510376, 0), (0.15660953521728516, 0.5910627245903015, -0.791275143623352, 0), (-0.001821368932723999, 0.24152177572250366, 0.18004998564720154, 1) ), ( (0.9999999403953552, -3.725290298461914e-8, 6.631016731262207e-7, 0), (2.2351741790771484e-8, 1, -2.9802322387695312e-8, 0), (-6.556510925292969e-7, 5.960464477539063e-8, 1, 0), (1.4901161193847656e-8, 0.3012542724609375, -1.1175870895385742e-8, 1) ), ( (2.2082782891175157e-7, -1.1920928244535389e-7, -1, 0), (1, 2.9650277610926423e-7, 1.860003351339401e-7, 0), (2.9650277610926423e-7, -1, 1.192093321833454e-7, 0), (2.9802322387695312e-8, -1.4901161193847656e-7, 0, 1) ), ( (1, 2.571532396744569e-14, -1.2872325783064298e-7, 0), (9.620911923038933e-14, 1, 7.717682137808879e-8, 0), (1.2872325783064298e-7, -7.717684979979822e-8, 1, 0), (1.4901161193847656e-8, 0.2927666902542114, 1.4901161193847656e-8, 1) ), ( (4.331257628109597e-7, -1.7696470422379207e-7, -1, 0), (2.5969441708184604e-8, -1, 1.7696476106721093e-7, 0), (-1, -2.596951276245818e-8, -4.3312570596754085e-7, 0), (-0.6179578900337219, -0.5867007970809937, 0.025887086987495422, 1) ), ( (1, -1.769649173866128e-7, -2.620108550423477e-14, 0), (1.769649315974675e-7, 1, 1.2807441862605629e-7, 0), (-5.6073015290225917e-14, -1.28074432836911e-7, 1, 0), (-1.4901161193847656e-8, 0.3368157744407654, 2.9802322387695312e-8, 1) ), ( (-5.205485535952903e-7, 0.9999999403953552, -1.0903368519166179e-7, 0), (-6.598394008960895e-8, -1.0903367098080707e-7, -0.9999997615814209, 0), (-0.9999998807907104, -5.205484967518714e-7, 1.940454268378744e-7, 0), (-0.2075205147266388, 0.14881004393100739, 0.19320479035377502, 1) ), ( (0.00047862567589618266, -0.03143375366926193, 0.9995056390762329, 0), (-0.9999992847442627, 0.000917791563551873, 0.0005075971130281687, 0), (-0.0009332937188446522, -0.999505341053009, -0.03143329545855522, 0), (0.07085259258747101, 0.17990140616893768, 0.02224038541316986, 1) ), ( (-0.9785672426223755, 0.20360834896564484, 0.030961785465478897, 0), (-0.2035360485315323, -0.9790520668029785, 0.0055026221089065075, 0), (0.03143367916345596, -0.0009171738056465983, 0.9995054006576538, 0), (0.028672873973846436, 0.3069329559803009, -0.0007691332139074802, 1) ), ( (0.9958496689796448, 0.0494503453373909, -0.07640770077705383, 0), (-0.00604615081101656, -0.8017208576202393, -0.5976679921150208, 0), (-0.09081253409385681, 0.5956494212150574, -0.7980941534042358, 0), (0.0018214285373687744, 0.24152183532714844, 0.18005001544952393, 1) ), ( (1, -3.725290298461914e-9, -1.862645149230957e-7, 0), (3.725290298461914e-9, 1, 1.7881393432617188e-7, 0), (1.7136335372924805e-7, -2.086162567138672e-7, 1.0000001192092896, 0), (-1.4901161193847656e-8, 0.30125436186790466, -7.450580596923828e-9, 1) ), ( (2.2082782891175157e-7, -1.1920928244535389e-7, -1, 0), (1, 2.965027476875548e-7, 1.860003351339401e-7, 0), (2.9650277610926423e-7, -1, 1.192093321833454e-7, 0), (1.4901161193847656e-8, -1.341104507446289e-7, 1.4901161193847656e-8, 1) ), ( (1, 2.5707355081477923e-14, -1.2872325783064298e-7, 0), (9.620911923038933e-14, 1, 7.71637473917508e-8, 0), (1.2872325783064298e-7, -7.716377581346023e-8, 1, 0), (0, 0.2927666902542114, 1.4901161193847656e-8, 1) ), ( (4.331257628109597e-7, -1.7696470422379207e-7, -1, 0), (2.5969441708184604e-8, -1, 1.7696476106721093e-7, 0), (-1, -2.596951276245818e-8, -4.3312570596754085e-7, 0), (-0.6179579496383667, -0.5867007374763489, -0.029198169708251953, 1) ), ( (1, -1.7696490317575808e-7, -2.619677580059914e-14, 0), (1.769649315974675e-7, 1, 1.2806133042886358e-7, 0), (-5.6073015290225917e-14, -1.280613446397183e-7, 1, 0), (-1.4901161193847656e-8, 0.33681583404541016, 2.9802322387695312e-8, 1) ), ( (-0.9999957084655762, -0.00018602939962875098, -0.0028862040489912033, 0), (0.0028862033504992723, 4.2427947732903704e-7, -0.999995768070221, 0), (0.00018603021453600377, -1, 9.398617351052962e-8, 0), (-0.00022340875875670463, -0.031240254640579224, 1.5641721487045288, 1) ), ( (-0.9999958872795105, 0.00288620893843472, 0.00018602903583087027, 0), (-0.0028862087056040764, -0.9999958276748657, 2.649896657658246e-7, 0), (0.00018602903583087027, -2.719301051001821e-7, 1, 0), (0.00046459981240332127, 0.32195115089416504, -4.470348358154297e-8, 1) ), ( (1.0000040531158447, -1.947116601286325e-8, 2.2957635792408837e-8, 0), (2.2123531451256895e-8, 0.9925475716590881, -0.12185745686292648, 0), (-2.0413756018911045e-8, 0.12185747176408768, 0.9925477504730225, 0), (2.9103830456733704e-11, 0.3219517469406128, 0, 1) ), ( (1, 2.228940942927693e-8, -1.9850865839998733e-8, 0), (-2.181089264752245e-8, 0.9997169971466064, 0.02378765493631363, 0), (2.0375455989096736e-8, -0.023787647485733032, 0.9997170567512512, 0), (0, 0.2870488166809082, 4.470348358154297e-8, 1.0000001192092896) ), ( (1, -1.5687451337953462e-11, -5.288541271575298e-10, 0), (6.755174197792257e-11, 0.9951653480529785, 0.09821256250143051, 0), (5.247565715293945e-10, -0.09821256995201111, 0.9951653480529785, 0), (0, 0.3052765130996704, -5.960464477539063e-8, 1) ), ( (1, 1.028350737897199e-10, -8.249370631041586e-10, 0), (2.440669888414959e-11, 0.9882600903511047, 0.15278106927871704, 0), (8.309635757264289e-10, -0.15278105437755585, 0.98826003074646, 0), (0, 0.27086472511291504, 0, 1) ), ( (1.0000040531158447, 1.8558488079634117e-11, 7.973710025588332e-10, 0), (9.954614910157034e-11, 0.9890078902244568, -0.14786241948604584, 0), (-7.913469879383683e-10, 0.14786241948604584, 0.9890079498291016, 0), (0, 0.27800965309143066, 2.9802322387695312e-8, 1) ), ( (1, 0, -6.071532165918825e-17, 0), (0, 1, -1.909211277961731e-8, 0), (3.8163916471489756e-17, 1.909211277961731e-8, 1, 0), (0, 1.0044100284576416, 2.3283064365386963e-9, 1) ), ( (0.061473309993743896, 0.0086883045732975, 0.9980712532997131, 0), (0.955333948135376, -0.29011404514312744, -0.05631578713655472, 0), (0.28906506299972534, 0.9569527506828308, -0.02613450214266777, 0), (0.08828037977218628, 0.2810821533203125, 0.06496106088161469, 1) ), ( (-0.01802850142121315, 0.20456331968307495, -0.9786880016326904, 0), (0.03395691514015198, 0.9784026145935059, 0.20387819409370422, 0), (0.9992675185203552, -0.029557904228568077, -0.024585731327533722, 0), (3.725290298461914e-9, 0.258802205324173, 4.76837158203125e-7, 1) ), ( (0.9996242523193359, 0.012055590748786926, -0.02460755594074726, 0), (-0.009703800082206726, 0.9955673217773438, 0.09354855120182037, 0), (0.02562626637518406, -0.09327461570501328, 0.9953104853630066, 0), (2.384185791015625e-7, 0.4707765579223633, 1.862645149230957e-9, 0.9999999403953552) ), ( (-0.051402680575847626, -0.06780648976564407, -0.9963735342025757, 0), (-0.00915072113275528, 0.9976825714111328, -0.0674235001206398, 0), (0.99863600730896, 0.005651779472827911, -0.05190403386950493, 0), (2.384185791015625e-7, 0.5272294878959656, -1.4901161193847656e-8, 0.9999999403953552) ), ( (0.9879980683326721, -0.008493158966302872, 0.15423133969306946, 0), (-0.009084410965442657, 0.9935639500617981, 0.1129075139760971, 0), (-0.15419767796993256, -0.11295352876186371, 0.9815623164176941, 0), (1.4901161193847656e-8, 0.13860034942626953, -4.76837158203125e-7, 1) ), ( (0.9910420179367065, 0.009620307013392448, -0.13320481777191162, 0), (0.01216251589357853, 0.9867560863494873, 0.16175435483455658, 0), (0.13299675285816193, -0.16192546486854553, 0.977799654006958, 0), (-1.4901161193847656e-8, 0.11282217502593994, 2.384185791015625e-7, 0.9999999403953552) ), ( (0.9981345534324646, -0.00010818586451932788, 0.06104697659611702, 0), (-0.0036734789609909058, 0.9980801343917847, 0.06183120608329773, 0), (-0.060936469584703445, -0.06194007396697998, 0.9962180256843567, 0), (0, 0.10213065147399902, 0, 1.0000001192092896) ), ( (1, -1.8044374883174896e-9, -3.364402800798416e-8, 0), (1.862645149230957e-9, 1.0000001192092896, 2.9802322387695312e-8, 0), (3.387685865163803e-8, 0, 1.0000001192092896, 0), (0, 0.1304987668991089, 0, 1) ), ( (-0.19508519768714905, 0.05702218413352966, -0.9791272878646851, 0), (-0.9048812985420227, 0.3746216297149658, 0.2021092176437378, 0), (0.3783269226551056, 0.9254225492477417, -0.021484822034835815, 0), (-0.0651482492685318, 0.05098128318786621, 0.002445220947265625, 1) ), ( (0.9996050000190735, 0.0022689402103424072, 0.028012961149215698, 0), (-0.013128131628036499, 0.9190061092376709, 0.39402487874031067, 0), (-0.024850070476531982, -0.39423707127571106, 0.9186729192733765, 0), (-2.384185791015625e-7, 0.10586769133806229, 1.1920928955078125e-7, 1) ), ( (1.0000001192092896, 2.9802322387695312e-8, 7.450580596923828e-9, 0), (-2.9802322387695312e-8, 1.0000001192092896, 2.2351741790771484e-8, 0), (1.4901161193847656e-8, 2.60770320892334e-8, 1, 0), (-2.384185791015625e-7, 0.13225972652435303, 1.1920928955078125e-7, 1.0000001192092896) ), ( (0.061473872512578964, -0.38146933913230896, 0.9223350286483765, 0), (-0.9553334712982178, -0.2901143729686737, -0.05631566047668457, 0), (0.2890653610229492, -0.8776757717132568, -0.3822648823261261, 0), (-0.08828043192625046, 0.2810821533203125, 0.06496106088161469, 1) ), ( (-0.8835704922676086, 0.04833292216062546, 0.46581175923347473, 0), (-0.051946140825748444, 0.9784031510353088, -0.20005321502685547, 0), (-0.4654199481010437, -0.20095781981945038, -0.861975908279419, 0), (0, 0.2588024139404297, 0, 0.9999999403953552) ), ( (0.9955230355262756, 0.09403102099895477, 0.009593293070793152, 0), (-0.0940450057387352, 0.9955675601959229, 0.0010169371962547302, 0), (-0.009455136954784393, -0.0019145682454109192, 0.99995356798172, 0), (-1.4901161193847656e-8, 0.47077661752700806, -2.384185791015625e-7, 1) ), ( (0.9978170394897461, -0.0660305991768837, -0.0012081116437911987, 0), (0.06604152917861938, 0.9976823925971985, 0.016376525163650513, 0), (0.00012395530939102173, -0.01642056554555893, 0.9998651146888733, 0), (0, 0.5272296071052551, 7.152557373046875e-7, 1) ), ( (0.9879987835884094, 0.008492926135659218, 0.15422795712947845, 0), (0.00908423401415348, 0.9935638904571533, -0.11290740221738815, 0), (-0.15419426560401917, 0.11295343190431595, 0.9815628528594971, 0), (0, 0.13860023021697998, 2.384185791015625e-7, 1) ), ( (0.9910423755645752, -0.00961992982774973, -0.13320185244083405, 0), (-0.012162326835095882, 0.9867559671401978, -0.1617538332939148, 0), (0.13299380242824554, 0.16192491352558136, 0.9778002500534058, 0), (-1.4901161193847656e-8, 0.11282205581665039, 2.384185791015625e-7, 1) ), ( (0.9981348514556885, 0.00010809372179210186, 0.06104416400194168, 0), (0.0036735516041517258, 0.9980795383453369, -0.061833739280700684, 0), (-0.060933612287044525, 0.0619426965713501, 0.9962177276611328, 0), (2.9802322387695312e-8, 0.10213077068328857, 0, 0.9999999403953552) ), ( (0.9999999403953552, 1.1059455573558807e-9, -3.958120942115784e-9, 0), (-1.1059455573558807e-9, 0.9999999403953552, 0, 0), (3.841705620288849e-9, 2.9802322387695312e-8, 0.9999999403953552, 0), (-3.725290298461914e-9, 0.13049882650375366, 0, 0.9999999403953552) ), ( (-0.43314337730407715, -0.1849489063024521, 0.8821454048156738, 0), (-0.8609275817871094, 0.37462282180786133, -0.34418243169784546, 0), (-0.26681575179100037, -0.9085437059402466, -0.3214929699897766, 0), (-0.06391926109790802, 0.05098104476928711, -0.012830018997192383, 1) ), ( (0.9905763268470764, 0.13447722792625427, 0.025969192385673523, 0), (-0.11487402021884918, 0.91900634765625, -0.37713533639907837, 0), (-0.07458201050758362, 0.370598167181015, 0.9257938265800476, 0), (2.384185791015625e-7, 0.10586781799793243, -1.1920928955078125e-7, 1) ), ( (1.0000001192092896, 0, 5.960464477539063e-8, 0), (-8.940696716308594e-8, 0.9999999403953552, -9.685754776000977e-8, 0), (-5.960464477539063e-8, 1.043081283569336e-7, 1, 0), (0, 0.13225948810577393, 0, 1) ), ( (0.9472082257270813, 0.0023126646410673857, 0.3207484483718872, 0), (0.0018741809763014317, -0.9999974966049194, 0.0016667615855112672, 0), (0.3207385241985321, -0.0009773396886885166, -0.9471676349639893, 0), (0.20152994990348816, 0.058463335037231445, 7.636845111846924e-8, 1) ), ( (0.9923068284988403, 0.11362679302692413, -0.0491429902613163, 0), (-0.09525363892316818, 0.954325258731842, 0.2831747531890869, 0), (0.079074926674366, -0.2763163149356842, 0.9578104615211487, 0), (4.470348358154297e-8, 0.5261744856834412, -7.450580596923828e-9, 1) ), ( (0.8542574048042297, -0.08685650676488876, 0.512583315372467, 0), (0.5092360973358154, 0.3381956219673157, -0.7913721799850464, 0), (-0.10461673885583878, 0.937053382396698, 0.3331336975097656, 0), (-7.450580596923828e-9, 0.6088119745254517, 0, 1.0000001192092896) ), ( (-0.9916123151779175, -0.07451952248811722, -0.10560061037540436, 0), (-0.0009667458944022655, 0.8213021755218506, -0.5704930424690247, 0), (0.1292428821325302, -0.565605640411377, -0.8144851922988892, 0), (0, 0.3012540936470032, -4.842877388000488e-8, 1) ), ( (1.0000001192092896, -1.677562977420166e-8, 0.000003450681106187403, 0), (4.014964360976592e-9, 1.0000001192092896, -5.587935447692871e-8, 0), (-0.000003451270458754152, 4.842877388000488e-8, 1.0000001192092896, 0), (-2.9802322387695312e-8, 0.21323606371879578, -1.862645149230957e-9, 1.0000001192092896) ), ( (0.9074466228485107, -0.0028649671003222466, -0.42015647888183594, 0), (-0.0024455117527395487, -0.9999959468841553, 0.0015297789359465241, 0), (-0.4201606810092926, -0.00036039642873220146, -0.907448947429657, 0), (-0.20152993500232697, 0.058463335037231445, 7.636845111846924e-8, 1) ), ( (0.9927313327789307, -0.11378134042024612, -0.03919825702905655, 0), (0.12017863988876343, 0.9543845653533936, 0.27332693338394165, 0), (0.006310710217803717, -0.27605122327804565, 0.9611221551895142, 0), (2.9802322387695312e-8, 0.5261741280555725, -7.450580596923828e-9, 1) ), ( (0.836226224899292, 0.018961939960718155, -0.5480474829673767, 0), (-0.5210103392601013, 0.33926448225975037, -0.7832337617874146, 0), (0.17108193039894104, 0.9405015707015991, 0.2935819625854492, 0), (-2.9802322387695312e-8, 0.6088117361068726, -2.9802322387695312e-8, 1) ), ( (-0.9971076846122742, 0.06906312704086304, 0.031727805733680725, 0), (0.038775213062763214, 0.8213024735450745, -0.569174587726593, 0), (-0.06536708027124405, -0.5662978887557983, -0.8216046094894409, 0), (0, 0.30125394463539124, -5.960464477539063e-8, 1) ), ( (0.9999999403953552, 3.966852091252804e-8, -0.000003830529749393463, 0), (-4.871981218457222e-8, 1, 6.332993507385254e-8, 0), (0.000003830529749393463, -6.705522537231445e-8, 1, 0), (0, 0.213236004114151, 0, 1) )]
        }

        def Xform "characterMedium"
        {
            custom string userProperties:blender:object_name = "characterMedium"

            def Mesh "characterMedium" (
                active = true
                prepend apiSchemas = ["MaterialBindingAPI", "SkelBindingAPI"]
            )
            {
                uniform bool doubleSided = 1
                float3[] extent = [(-1.8090502, -0.51423573, 0.00068411394), (1.8095326, 0.533908, 3.7653701)]
                int[] faceVertexCounts = [4, 4, 4, 4, 4, 4, 4, 4, 4, 4, 4, 4, 4, 4, 4, 4, 4, 4, 4, 4, 4, 4, 4, 4, 4, 4, 4, 4, 4, 4, 4, 4, 4, 4, 4, 4, 4, 4, 4, 4, 4, 4, 4, 4, 4, 4, 4, 4, 4, 4, 4, 4, 4, 4, 4, 4, 4, 4, 4, 4, 4, 4, 4, 4, 4, 4, 4, 4, 4, 4, 4, 4, 4, 4, 4, 3, 3, 4, 4, 4, 4, 4, 4, 4, 4, 4, 4, 4, 4, 4, 4, 4, 4, 4, 4, 4, 4, 4, 4, 4, 4, 4, 4, 4, 4, 3, 3, 4, 4, 4, 4, 4, 4, 4, 4, 4, 4, 3, 4, 4, 4, 4, 4, 4, 4, 4, 4, 4, 4, 4, 4, 4, 4, 4, 4, 4, 4, 4, 4, 4, 4, 4, 3, 4, 4, 4, 4, 4, 3, 3, 4, 4, 4, 4, 4, 4, 4, 4, 4, 4, 4, 4, 4, 4, 4, 4, 4, 4, 4, 4, 4, 4, 4, 4, 4, 4, 3, 4, 4, 3, 4, 4, 4, 4, 4, 4, 4, 4, 4, 4, 4, 4, 4, 4, 4, 4, 4, 4, 4, 4, 4, 4, 4, 4, 4, 4, 4, 4, 4, 4, 4, 4, 4, 4, 4, 4, 4, 4, 4, 4, 4, 4, 4, 4, 4, 4, 4, 4, 4, 4, 4, 4, 4, 4, 4, 4, 4, 4, 4, 4, 4, 4, 4, 4, 4, 4, 4, 4, 4, 4, 4, 4, 4, 4, 4, 4, 4, 4, 4, 4, 4, 4, 4, 4, 4, 4, 4, 4, 4, 4, 4, 4, 4, 4, 4, 4, 4, 4, 4, 4, 4, 4, 4, 4, 4, 4, 4, 4, 4, 4, 4, 4, 4, 4, 4, 4, 4, 4, 4, 4, 4, 4, 4, 4, 4, 4, 4, 4, 4, 4, 4, 4, 4, 4, 4, 4, 4, 4, 4, 4, 4, 4, 4, 4, 3, 3, 4, 4, 4, 4, 4, 3, 4, 4, 4, 4, 4, 4, 4, 4, 4, 4, 4, 4, 4, 4, 3, 3, 3, 4, 4, 4, 4, 4, 4, 4, 4, 4, 4, 4, 4, 4, 4, 4, 4, 4, 4, 4, 4, 4, 4, 4, 4, 4, 4, 4, 4, 4, 4, 4, 4, 4, 4, 4, 4, 4, 4, 4, 4, 4, 4, 4, 4, 4, 4, 4, 4, 4, 4, 4, 4, 4, 4, 4, 4, 4, 4, 4, 4, 4, 4, 4, 4, 4, 4, 4, 4, 4, 4, 4, 4, 4, 4, 4, 3, 3, 4, 4, 4, 4, 4, 4, 4, 4, 4, 4, 4, 4, 4, 4, 4, 4, 4, 4, 4, 4, 4, 4, 4, 4, 4, 4, 4, 4, 3, 3, 4, 4, 4, 4, 4, 4, 4, 4, 4, 4, 3, 4, 4, 4, 4, 4, 4, 4, 4, 4, 4, 4, 4, 4, 4, 4, 4, 4, 4, 4, 4, 4, 4, 4, 4, 3, 4, 4, 4, 4, 4, 3, 3, 4, 4, 4, 4, 4, 4, 4, 4, 4, 4, 4, 4, 4, 4, 4, 4, 4, 4, 4, 4, 4, 4, 4, 4, 4, 4, 3, 4, 4, 3, 4, 4, 4, 4, 4, 4, 4, 4, 4, 4, 4, 4, 4, 4, 4, 4, 4, 4, 4, 4, 4, 4, 4, 4, 4, 4, 4, 4, 4, 4, 4, 4, 4, 4, 4, 4, 4, 4, 4, 4, 4, 4, 4, 4, 4, 4, 4, 4, 4, 4, 4, 4, 4, 4, 4, 4, 4, 4, 4, 4, 4, 4, 4, 4, 4, 4, 4, 4, 4, 4, 4, 4, 4, 4, 4, 4, 4, 4, 4, 4, 4, 4, 4, 4, 4, 4, 4, 4, 4, 4, 4, 4, 4, 4, 4, 4, 4, 4, 4, 4, 4, 4, 4, 4, 4, 4, 4, 4, 4, 4, 4, 4, 4, 4, 4, 4, 4, 4, 4, 4, 4, 4, 4, 4, 4, 4, 4, 4, 4, 4, 4, 4, 4, 4, 4, 4, 4, 4, 4, 4, 4, 4, 4, 4, 3, 3, 4, 4, 4, 4, 4, 3, 4, 4, 4, 4, 4, 4, 4, 4, 4, 4, 4, 4, 4, 4, 3, 3, 3, 4, 4, 4, 4, 4, 4, 4, 4, 4, 4, 4, 4, 4, 4, 4, 4, 4, 4, 4, 4, 4, 4, 4, 4, 4, 4, 4, 4, 4, 4, 4, 4, 4, 4, 3, 4, 4, 3, 4, 4, 4, 4, 3, 4, 4, 3, 4, 4, 4, 4, 4, 4, 4, 4, 4, 4, 4, 4, 4, 4, 4, 4, 4, 4, 4, 4, 4, 4, 4, 4, 4, 4, 4, 4, 4, 4, 4, 4, 4, 4, 4, 4, 4, 4, 4, 4, 4, 4, 4, 4, 4, 4, 4, 4, 4, 4, 4, 4, 4, 4, 4, 4, 4, 4, 3, 3, 3, 3, 4, 3, 4, 4, 4, 3, 4, 4, 4, 3, 4, 4, 4, 3, 4, 4, 3, 3, 3, 3]
