#usda 1.0
(
    defaultPrim = "root"
    doc = "Blender v5.1.2"
    metersPerUnit = 1
    upAxis = "Y"
)

def Xform "root" (
    customData = {
        dictionary Blender = {
            bool generated = 1
        }
    }
)
{
    float3 xformOp:rotateXYZ = (-90, -0, 0)
    uniform token[] xformOpOrder = ["xformOp:rotateXYZ"]

    def SkelRoot "Root"
    {
        custom string userProperties:blender:object_name = "Root"
        float3 xformOp:rotateXYZ = (-0.000009334668, 0, 0)
        float3 xformOp:scale = (1, 1, 1)
        double3 xformOp:translate = (0, 0, 0)
        uniform token[] xformOpOrder = ["xformOp:translate", "xformOp:rotateXYZ", "xformOp:scale"]

        def Skeleton "Root" (
            prepend apiSchemas = ["SkelBindingAPI"]
        )
        {
            uniform matrix4d[] bindTransforms = [( (-5.205485535952903e-7, 1, -1.0475276468469019e-7, 0), (0, -1.0475275757926283e-7, -0.9999999403953552, 0), (-1, -5.205485535952903e-7, -1.4456468022672198e-8, 0), (0.30209043622016907, 0.12214523553848267, 0.19320479035377502, 1) ), ( (-0.999505341053009, -0.0005083136493340135, 0.03144635260105133, 0), (0.0004811121034435928, -0.9999995827674866, -0.000869107258040458, 0), (0.03144679591059685, -0.0008535481174476445, 0.9995049834251404, 0), (0.3243308663368225, 0.20167556405067444, 0.013303384184837341, 1) ), ( (0.978954017162323, 0.20410513877868652, -3.073364496231079e-7, 0), (-0.20410501956939697, 0.9789490699768066, 0, 0), (-2.60770320892334e-8, 2.3748725652694702e-8, 0.9999999403953552, 0), (0.35316938161849976, -0.11392061412334442, 0.01315489411354065, 1) ), ( (0.9849840402603149, 0.11463610827922821, 0.12913061678409576, 0), (0.1695542186498642, -0.7836096882820129, -0.5976681709289551, 0), (0.03267480432987213, 0.6105854511260986, -0.7912763357162476, 0), (0.30209046602249146, 0.12214524298906326, 0.1932048499584198, 1) ), ( (0.9849840402603149, 0.11463649570941925, 0.1291300356388092, 0), (0.16955417394638062, -0.7836096882820129, -0.5976681709289551, 0), (0.032674115151166916, 0.6105853915214539, -0.7912764549255371, 0), (0.35316938161849976, -0.11392050981521606, 0.013154789805412292, 1) ), ( (1, 1.741352662065765e-8, 1.445652042519896e-8, 0), (0, 0.9999999403953552, -2.0654822208143742e-7, 0), (3.853928759239497e-15, 2.0654823629229213e-7, 0.9999999403953552, 0), (0.30209043622016907, 0.12214523553848267, 0.1932048499584198, 1) ), ( (1, 1.741352662065765e-8, 1.6462395890926018e-8, 0), (-1.8324528853469405e-25, 0.9999999403953552, -2.0359090058263973e-7, 0), (-2.0058712468795648e-9, 2.0359091479349445e-7, 0.9999999403953552, 0), (0.30209043622016907, 0.4149118959903717, 0.19320479035377502, 1) ), ( (0.9999999403953552, -3.178655560986954e-8, 1.4456524866091058e-8, 0), (0, 1.0475274336840812e-7, 0.9999998211860657, 0), (-3.178655560986954e-8, -0.9999999403953552, 1.0475275047383548e-7, 0), (0.13194096088409424, -0.4958125650882721, 0.7799054384231567, 1) ), ( (0.9999999403953552, -3.1786495213737e-8, 1.4456523977912639e-8, 0), (2.117582368135751e-22, 8.848256527471676e-8, 0.9999998211860657, 0), (-3.1786495213737e-8, -0.9999999403953552, 8.848257238014412e-8, 0), (0.13194096088409424, -0.4958125352859497, 1.1167211532592773, 1) ), ( (-5.205485535952903e-7, 1, -1.0493832292013394e-7, 0), (0, -1.0493831581470658e-7, -0.9999999403953552, 0), (-1, -5.205485535952903e-7, -1.4270909787228447e-8, 0), (-0.3031372129917145, 0.12214523553848267, 0.19320479035377502, 1) ), ( (-0.9994975328445435, 0.0004532096500042826, 0.03169247880578041, 0), (-0.00048110567149706185, -0.9999995827674866, -0.000869107258040458, 0), (0.031692083925008774, -0.0008839180809445679, 0.9994972348213196, 0), (-0.3253776431083679, 0.20167556405067444, 0.013303384184837341, 1) ), ( (0.978948175907135, -0.2041052132844925, 1.0058283805847168e-7, 0), (0.20410530269145966, 0.9789490103721619, -9.313225746154785e-10, 0), (-4.470348358154297e-8, 1.4028046280145645e-8, 0.9999998807907104, 0), (-0.3542161285877228, -0.11392050981521606, 0.013154895044863224, 1) ), ( (0.9849782586097717, -0.1548488736152649, -0.07640722393989563, 0), (-0.169554203748703, -0.7836096882820129, -0.5976682901382446, 0), (0.032674871385097504, 0.6016460061073303, -0.7980950474739075, 0), (-0.3031372129917145, 0.12214517593383789, 0.1932048350572586, 1) ), ( (0.9849782586097717, -0.1548488587141037, -0.07640723884105682, 0), (-0.169554203748703, -0.7836096882820129, -0.5976682901382446, 0), (0.03267484903335571, 0.6016460061073303, -0.7980950474739075, 0), (-0.3542161285877228, -0.11392053961753845, 0.013154745101928711, 1) ), ( (1, 1.741352662065765e-8, 1.427096218975521e-8, 0), (0, 0.9999999403953552, -2.067337732114538e-7, 0), (3.853928759239497e-15, 2.0673380163316324e-7, 0.9999999403953552, 0), (-0.3031372129917145, 0.12214523553848267, 0.1932048499584198, 1) ), ( (1, 1.741352662065765e-8, 1.6276837655482268e-8, 0), (1.182360501963357e-25, 0.9999999403953552, -2.0359091479349445e-7, 0), (-2.0058712468795648e-9, 2.0359094321520388e-7, 0.9999999403953552, 0), (-0.3031372129917145, 0.4149118959903717, 0.19320479035377502, 1) ), ( (1, -3.178649876645068e-8, 1.4270967518825728e-8, 0), (-0, 1.0493831581470658e-7, 0.9999999403953552, 0), (-3.178649876645068e-8, -1, 1.0493831581470658e-7, 0), (-0.14289985597133636, -0.4958125054836273, 0.7799054384231567, 1) ), ( (1, -3.178649876645068e-8, 1.4270966630647308e-8, 0), (-2.117582368135751e-22, 8.848256527471676e-8, 0.9999999403953552, 0), (-3.178649876645068e-8, -1, 8.848256527471676e-8, 0), (-0.14289985597133636, -0.49581247568130493, 1.1167210340499878, 1) ), ( (-0.999995768070221, -0.00018602907948661596, -0.0028861414175480604, 0), (0.002886140486225486, 2.7770329324994236e-7, -0.999995768070221, 0), (0.00018602939962875098, -1, 2.347633198951371e-7, 0), (-0.0009879873832687736, -0.05790501460433006, 1.238116979598999, 1) ), ( (1, -4.0745362639427185e-10, 9.749955287574608e-10, 0), (4.821954988076804e-11, 0, 0.9999999403953552, 0), (-1.0186340659856796e-10, -1, -2.444073743390618e-8, 0), (-0.0005233882693573833, -0.05790497362613678, 0.9161659479141235, 1) ), ( (1, -2.1079747725138986e-8, -1.6865863372572676e-8, 0), (2.0057711935805855e-8, 0.10957611352205276, 0.9939783811569214, 0), (-1.8688847802650344e-8, -0.9939783811569214, 0.10957608371973038, 0), (-0.0005233885603956878, -0.05790497362613678, 1.2381178140640259, 1) ), ( (1, 2.3436383855823806e-7, -3.530476888613521e-8, 0), (9.43689570931383e-16, 0.15298272669315338, 0.9882287979125977, 0), (2.3746466126794985e-7, -0.9882287979125977, 0.1529827117919922, 0), (-0.0005233821575529873, -0.022925961762666702, 1.5554168224334717, 1) ), ( (1, -4.375237949716393e-10, 1.0232277247723687e-9, 0), (-7.105427357601002e-15, -1.4901161193847656e-8, 0.9999999403953552, 0), (-1.319477860306506e-10, -0.9999999403953552, -2.9802322387695312e-8, 0), (-0.0005233820993453264, 0.007056012749671936, 1.7490928173065186, 1) ), ( (1, 2.3509241486863175e-7, 4.380160945061107e-8, 0), (1.493596912816031e-15, -0.17879945039749146, 0.9838854074478149, 0), (2.392534383943712e-7, -0.9838854670524597, -0.17879946529865265, 0), (-0.0005233821575529873, 0.007056087255477905, 1.9580836296081543, 1) ), ( (1, -3.6362735045258887e-10, 1.0224248114809598e-9, 0), (0, -0.013711810111999512, 0.9999058842658997, 0), (-5.807976322103059e-11, -0.9999058842658997, -0.013711825013160706, 0), (-0.0005233821575529873, -0.02646339312195778, 2.1425321102142334, 1) ), ( (1, -3.635897971587809e-10, 1.022425366592472e-9, 0), (-7.960209773720965e-20, -0.013711818493902683, 0.9999058842658997, 0), (-5.8042209927222643e-11, -0.9999058842658997, -0.013711833395063877, 0), (-0.0005233821575529873, -0.044893037527799606, 3.486476421356201, 1) ), ( (0.06147308647632599, -0.9980709552764893, 0.008687435649335384, 0), (0.9553338885307312, 0.05631571263074875, -0.2901137173175812, 0), (0.28906485438346863, 0.026133591309189796, 0.956952691078186, 0), (0.08775701373815536, -0.057904962450265884, 1.9683010578155518, 1) ), ( (-0.13751210272312164, 0.0022674575448036194, -0.9904974102973938, 0), (0.9896721839904785, 0.04119104519486427, -0.1373032182455063, 0), (0.040488239377737045, -0.9991486668586731, -0.007908294908702374, 0), (0.33499962091445923, -0.04333032667636871, 1.893218755722046, 1) ), ( (-0.09240364283323288, 0.03584016114473343, -0.9950763583183289, 0), (0.9948379397392273, -0.03877123445272446, -0.09377793222665787, 0), (-0.04194141551852226, -0.9986051321029663, -0.03207254037261009, 0), (0.6351497173309326, -0.030837802216410637, 1.8515774011611938, 1) ), ( (0.010987497866153717, 0.9977985620498657, 0.0653996393084526, 0), (0.9933685064315796, -0.003406088799238205, -0.11492394655942917, 0), (-0.1144481971859932, 0.06622866541147232, -0.9912190437316895, 0), (0.9581539630889893, -0.043426062911748886, 1.821129322052002, 1) ), ( (0.00846569612622261, 0.9973292946815491, -0.07254288345575333, 0), (0.9780577421188354, -0.0233601126819849, -0.20702025294303894, 0), (-0.20816199481487274, -0.06919855624437332, -0.9756433963775635, 0), (1.0804952383041382, -0.043845560401678085, 1.8069757223129272, 1) ), ( (0.09489043056964874, 0.9950665235519409, 0.02895331382751465, 0), (0.9382207989692688, -0.07967140525579453, -0.3367404341697693, 0), (-0.332772433757782, 0.05911805480718613, -0.9411522150039673, 0), (1.2073979377746582, -0.04687652364373207, 1.780114769935608, 1) ), ( (0.10367501527070999, 0.9935216307640076, -0.04654131457209587, 0), (0.9125321507453918, -0.11362909525632858, -0.3929038941860199, 0), (-0.39564698934555054, -0.001736130565404892, -0.9184008836746216, 0), (1.3035250902175903, -0.055039405822753906, 1.745613694190979, 1) ), ( (0.103674978017807, 0.9935216307640076, -0.04654132202267647, 0), (0.9125321507453918, -0.1136290654540062, -0.3929038941860199, 0), (-0.39564698934555054, -0.0017361490754410625, -0.9184008836746216, 0), (1.423385739326477, -0.06996452808380127, 1.6940059661865234, 1) ), ( (0.12210258096456528, -0.27254945039749146, 0.9543622732162476, 0), (0.3585909605026245, -0.8844914436340332, -0.2984742522239685, 0), (0.9254747629165649, 0.3786703050136566, -0.010264933109283447, 0), (1.0240727663040161, -0.13607867062091827, 1.7829101085662842, 1) ), ( (0.13109196722507477, -0.24788495898246765, 0.9598789215087891, 0), (0.6385143995285034, -0.7195528745651245, -0.2730244994163513, 0), (0.7583628296852112, 0.6486880779266357, 0.06395051628351212, 0), (1.0620901584625244, -0.2298516482114792, 1.7512658834457397, 1) ), ( (0.13109193742275238, -0.24788494408130646, 0.9598789215087891, 0), (0.6385143995285034, -0.7195528745651245, -0.27302446961402893, 0), (0.7583628296852112, 0.6486880779266357, 0.06395052373409271, 0), (1.1398464441299438, -0.3174765706062317, 1.718017816543579, 1) ), ( (0.061473287642002106, -0.9223352074623108, -0.38146960735321045, 0), (-0.955333948135376, 0.056315723806619644, -0.2901141345500946, 0), (0.2890651226043701, 0.3822649419307709, -0.8776758313179016, 0), (-0.08880379796028137, -0.057904962450265884, 1.9683010578155518, 1) ), ( (0.05929762125015259, 0.9896723628044128, -0.13050922751426697, 0), (-0.9896725416183472, 0.041191112250089645, -0.13730329275131226, 0), (-0.13050922751426697, 0.13730326294898987, 0.98189377784729, 0), (-0.3360464572906494, -0.043330371379852295, 1.893218755722046, 1) ), ( (-0.05176994949579239, 0.9887377619743347, 0.14042054116725922, 0), (-0.9948381185531616, -0.03877122700214386, -0.09377789497375488, 0), (-0.08727727830410004, -0.14455042779445648, 0.9856408834457397, 0), (-0.636196494102478, -0.030837800353765488, 1.8515769243240356, 1) ), ( (0.007452189922332764, 0.9955523014068604, -0.09391903877258301, 0), (-0.9933686852455139, -0.0034060925245285034, -0.1149241179227829, 0), (-0.11473262310028076, 0.09415280818939209, 0.9889246225357056, 0), (-0.9592008590698242, -0.04342607781291008, 1.821129560470581, 1) ), ( (-0.03949810564517975, 0.9964636564254761, 0.07416756451129913, 0), (-0.9780580997467041, -0.02336011826992035, -0.20701952278614044, 0), (-0.20455464720726013, -0.08071692287921906, 0.9755216240882874, 0), (-1.0815417766571045, -0.04384550824761391, 1.8069757223129272, 1) ), ( (-0.05482087656855583, 0.9950668811798096, -0.08268725872039795, 0), (-0.9382207989692688, -0.07967151701450348, -0.3367408514022827, 0), (-0.3416672646999359, 0.059118613600730896, 0.9379599094390869, 0), (-1.2084448337554932, -0.046876538544893265, 1.7801148891448975, 1) ), ( (-0.10505641996860504, 0.9935221672058105, -0.04333200305700302, 0), (-0.9125325083732605, -0.11362902820110321, -0.39290356636047363, 0), (-0.39528191089630127, -0.0017350614070892334, 0.9185584783554077, 0), (-1.3045716285705566, -0.05503939837217331, 1.7456132173538208, 1) ), ( (-0.10505639016628265, 0.9935221672058105, -0.04333198443055153, 0), (-0.9125325083732605, -0.11362899094820023, -0.3929036259651184, 0), (-0.39528197050094604, -0.0017350715352222323, 0.9185584783554077, 0), (-1.424432396888733, -0.06996452063322067, 1.6940054893493652, 1) ), ( (0.12210647016763687, -0.3614346385002136, 0.924367368221283, 0), (-0.3585909307003021, -0.8844922780990601, -0.2984742522239685, 0), (0.9254744052886963, -0.2950240671634674, -0.2376091480255127, 0), (-1.025119423866272, -0.13607865571975708, 1.7829101085662842, 1) ), ( (0.13108661770820618, -0.4512569308280945, 0.8827136754989624, 0), (-0.6385153532028198, -0.7195529937744141, -0.2730244994163513, 0), (0.7583631873130798, -0.5278365015983582, -0.38245803117752075, 0), (-1.0631369352340698, -0.22985175251960754, 1.7512660026550293, 1) ), ( (0.1310867816209793, -0.45125705003738403, 0.8827135562896729, 0), (-0.638515293598175, -0.7195529341697693, -0.27302446961402893, 0), (0.7583631873130798, -0.5278363823890686, -0.38245823979377747, 0), (-1.1408933401107788, -0.31747668981552124, 1.7180179357528687, 1) ), ( (0.9886444807052612, 0.03689450025558472, 0.14565739035606384, 0), (0.1414889395236969, 0.09773406386375427, -0.9851033091545105, 0), (-0.050577521324157715, 0.9945273399353027, 0.09140502661466599, 0), (0.18766416609287262, -0.06049622595310211, 0.9970864653587341, 1) ), ( (0.9913537502288818, -0.043049298226833344, 0.12393205612897873, 0), (0.13117863237857819, 0.34133628010749817, -0.9307422041893005, 0), (-0.002232104539871216, 0.9389536380767822, 0.3440338373184204, 0), (0.24788643419742584, -0.018897436559200287, 0.5777944326400757, 1) ), ( (0.9849766492843628, 0.11464010924100876, 0.12912890315055847, 0), (0.1695539951324463, -0.7836088538169861, -0.5976676940917969, 0), (0.03267243131995201, 0.6105837225914001, -0.7912764549255371, 0), (0.30209046602249146, 0.12214524298906326, 0.1932048201560974, 1) ), ( (-0.9911678433418274, -0.13259688019752502, -0.0004805848002433777, 0), (0.1324872523546219, -0.9902142286300659, -0.04381552338600159, 0), (0.005332889035344124, -0.04349178075790405, 0.9990391731262207, 0), (0.35316935181617737, -0.11392039060592651, 0.013154730200767517, 1) ), ( (-0.9911678433418274, -0.13259677588939667, -0.0004834302526433021, 0), (0.13248726725578308, -0.9902142286300659, -0.04381560534238815, 0), (0.005330077838152647, -0.043492238968610764, 0.9990391731262207, 0), (0.3786856234073639, -0.30462968349456787, 0.004716125316917896, 1) ), ( (0.9892026782035828, 0.05240902304649353, -0.13687853515148163, 0), (-0.1414889395236969, 0.09773406386375427, -0.9851034879684448, 0), (-0.038247644901275635, 0.9938329458236694, 0.10409323126077652, 0), (-0.18871094286441803, -0.06049622595310211, 0.9970864653587341, 1) ), ( (0.9913596510887146, 0.043825212866067886, -0.12365110218524933, 0), (-0.13117870688438416, 0.3413364589214325, -0.9307426810264587, 0), (0.0014192983508110046, 0.938920259475708, 0.34413450956344604, 0), (-0.24893325567245483, -0.01889742910861969, 0.5777944326400757, 1) ), ( (0.9849809408187866, -0.15484705567359924, -0.07640637457370758, 0), (-0.16955430805683136, -0.7836102843284607, -0.5976687073707581, 0), (0.03267684578895569, 0.6016474962234497, -0.7980941534042358, 0), (-0.3031372129917145, 0.12214523553848267, 0.19320479035377502, 1) ), ( (-0.9911775588989258, 0.13216541707515717, 0.01011519506573677, 0), (-0.13248765468597412, -0.9902173280715942, -0.04381558299064636, 0), (0.004224494099617004, -0.04476982355117798, 0.9989883899688721, 0), (-0.3542160987854004, -0.1139204353094101, 0.013154745101928711, 1) ), ( (-0.9911775588989258, 0.13216528296470642, 0.010118650272488594, 0), (-0.13248766958713531, -0.9902173280715942, -0.04381566494703293, 0), (0.004227910656481981, -0.044770363718271255, 0.9989883303642273, 0), (-0.3797323405742645, -0.30462971329689026, 0.004716155119240284, 1) )]
            uniform token[] joints = ["LeftFootCtrl", "LeftFootCtrl/LeftHeelRoll", "LeftFootCtrl/LeftHeelRoll/LeftToeRoll", "LeftFootCtrl/LeftHeelRoll/LeftToeRoll/LeftFootIK", "LeftFootCtrl/LeftHeelRoll/LeftToeRoll/LeftFootIK/LeftFootIK_end", "LeftFootCtrl/LeftFootRollCtrl", "LeftFootCtrl/LeftFootRollCtrl/LeftFootRollCtrl_end", "LeftFootCtrl/LeftKneeCtrl", "LeftFootCtrl/LeftKneeCtrl/LeftKneeCtrl_end", "RightFootCtrl", "RightFootCtrl/RightHeelRoll", "RightFootCtrl/RightHeelRoll/RightToeRoll", "RightFootCtrl/RightHeelRoll/RightToeRoll/RightFootIK", "RightFootCtrl/RightHeelRoll/RightToeRoll/RightFootIK/RightFootIK_end", "RightFootCtrl/RightFootRollCtrl", "RightFootCtrl/RightFootRollCtrl/RightFootRollCtrl_end", "RightFootCtrl/RightKneeCtrl", "RightFootCtrl/RightKneeCtrl/RightKneeCtrl_end", "HipsCtrl", "HipsCtrl/Hips", "HipsCtrl/Hips/Spine", "HipsCtrl/Hips/Spine/Chest", "HipsCtrl/Hips/Spine/Chest/UpperChest", "HipsCtrl/Hips/Spine/Chest/UpperChest/Neck", "HipsCtrl/Hips/Spine/Chest/UpperChest/Neck/Head", "HipsCtrl/Hips/Spine/Chest/UpperChest/Neck/Head/Head_end", "HipsCtrl/Hips/Spine/Chest/UpperChest/LeftShoulder", "HipsCtrl/Hips/Spine/Chest/UpperChest/LeftShoulder/LeftArm", "HipsCtrl/Hips/Spine/Chest/UpperChest/LeftShoulder/LeftArm/LeftForeArm", "HipsCtrl/Hips/Spine/Chest/UpperChest/LeftShoulder/LeftArm/LeftForeArm/LeftHand", "HipsCtrl/Hips/Spine/Chest/UpperChest/LeftShoulder/LeftArm/LeftForeArm/LeftHand/LeftHandIndex1", "HipsCtrl/Hips/Spine/Chest/UpperChest/LeftShoulder/LeftArm/LeftForeArm/LeftHand/LeftHandIndex1/LeftHandIndex2", "HipsCtrl/Hips/Spine/Chest/UpperChest/LeftShoulder/LeftArm/LeftForeArm/LeftHand/LeftHandIndex1/LeftHandIndex2/LeftHandIndex3", "HipsCtrl/Hips/Spine/Chest/UpperChest/LeftShoulder/LeftArm/LeftForeArm/LeftHand/LeftHandIndex1/LeftHandIndex2/LeftHandIndex3/LeftHandIndex3_end", "HipsCtrl/Hips/Spine/Chest/UpperChest/LeftShoulder/LeftArm/LeftForeArm/LeftHand/LeftHandThumb1", "HipsCtrl/Hips/Spine/Chest/UpperChest/LeftShoulder/LeftArm/LeftForeArm/LeftHand/LeftHandThumb1/LeftHandThumb2", "HipsCtrl/Hips/Spine/Chest/UpperChest/LeftShoulder/LeftArm/LeftForeArm/LeftHand/LeftHandThumb1/LeftHandThumb2/LeftHandThumb2_end", "HipsCtrl/Hips/Spine/Chest/UpperChest/RightShoulder", "HipsCtrl/Hips/Spine/Chest/UpperChest/RightShoulder/RightArm", "HipsCtrl/Hips/Spine/Chest/UpperChest/RightShoulder/RightArm/RightForeArm", "HipsCtrl/Hips/Spine/Chest/UpperChest/RightShoulder/RightArm/RightForeArm/RightHand", "HipsCtrl/Hips/Spine/Chest/UpperChest/RightShoulder/RightArm/RightForeArm/RightHand/RightHandIndex1", "HipsCtrl/Hips/Spine/Chest/UpperChest/RightShoulder/RightArm/RightForeArm/RightHand/RightHandIndex1/RightHandIndex2", "HipsCtrl/Hips/Spine/Chest/UpperChest/RightShoulder/RightArm/RightForeArm/RightHand/RightHandIndex1/RightHandIndex2/RightHandIndex3", "HipsCtrl/Hips/Spine/Chest/UpperChest/RightShoulder/RightArm/RightForeArm/RightHand/RightHandIndex1/RightHandIndex2/RightHandIndex3/RightHandIndex3_end", "HipsCtrl/Hips/Spine/Chest/UpperChest/RightShoulder/RightArm/RightForeArm/RightHand/RightHandThumb1", "HipsCtrl/Hips/Spine/Chest/UpperChest/RightShoulder/RightArm/RightForeArm/RightHand/RightHandThumb1/RightHandThumb2", "HipsCtrl/Hips/Spine/Chest/UpperChest/RightShoulder/RightArm/RightForeArm/RightHand/RightHandThumb1/RightHandThumb2/RightHandThumb2_end", "HipsCtrl/Hips/LeftUpLeg", "HipsCtrl/Hips/LeftUpLeg/LeftLeg", "HipsCtrl/Hips/LeftUpLeg/LeftLeg/LeftFoot", "HipsCtrl/Hips/LeftUpLeg/LeftLeg/LeftFoot/LeftToes", "HipsCtrl/Hips/LeftUpLeg/LeftLeg/LeftFoot/LeftToes/LeftToes_end", "HipsCtrl/Hips/RightUpLeg", "HipsCtrl/Hips/RightUpLeg/RightLeg", "HipsCtrl/Hips/RightUpLeg/RightLeg/RightFoot", "HipsCtrl/Hips/RightUpLeg/RightLeg/RightFoot/RightToes", "HipsCtrl/Hips/RightUpLeg/RightLeg/RightFoot/RightToes/RightToes_end"]
            float[] primvars:blender:bone_lengths = [0.3556269, 0.316911, 0.3012542, 0.3012542, 0.30125424, 0.2927667, 0.2927667, 0.33681577, 0.3368158, 0.35499808, 0.3169109, 0.30125406, 0.3012542, 0.3012542, 0.2927667, 0.2927667, 0.33681566, 0.33681574, 0.3219513, 0.24389306, 0.31922105, 0.19598296, 0.23305203, 0.18746933, 1.3440708, 1.3440707, 0.25880134, 0.303281, 0.324679, 0.121558815, 0.12974921, 0.102456346, 0.1313495, 0.13134952, 0.10601913, 0.12177687, 0.12177688, 0.25880143, 0.303281, 0.32467905, 0.12155861, 0.12974966, 0.10245621, 0.1313496, 0.13134961, 0.106019154, 0.12177689, 0.12177687, 0.42563245, 0.41320732, 0.30125493, 0.19259396, 0.19259392, 0.4256324, 0.4132072, 0.30125445, 0.19259335, 0.1925933] (
                interpolation = "uniform"
            )
            uniform matrix4d[] restTransforms = [( (-5.205485535952903e-7, 1, -1.08764474759937e-7, 0), (-7.750370656367522e-8, -1.0876451028707379e-7, -0.9999999403953552, 0), (-1, -5.205485535952903e-7, 6.304723143557567e-8, 0), (0.2019684910774231, 0.12214517593383789, 0.19320479035377502, 1) ), ( (-0.0005078788963146508, -0.03144639730453491, 0.9995052218437195, 0), (-0.999999463558197, 0.000872817647177726, -0.0004805603821296245, 0), (-0.0008572738734073937, -0.9995049834251404, -0.03144682198762894, 0), (0.07953035086393356, 0.17990142107009888, -0.022240445017814636, 1) ), ( (-0.978573739528656, -0.2036333829164505, 0.030610471963882446, 0), (0.20350602269172668, -0.9790470600128174, -0.007253652438521385, 0), (0.03144634887576103, -0.0008687780355103314, 0.9995050430297852, 0), (-0.028668537735939026, 0.3156099021434784, 0.001027846708893776, 1) ), ( (0.9876419901847839, -0.08881636708974838, 0.12913097441196442, 0), (0.0060462020337581635, -0.8017210364341736, -0.5976678729057312, 0), (0.15660974383354187, 0.5910627245903015, -0.7912765741348267, 0), (-0.001821368932723999, 0.24152183532714844, 0.18004998564720154, 1.0000001192092896) ), ( (0.9999998807907104, 3.725290298461914e-8, 7.003545761108398e-7, 0), (-5.21540641784668e-8, 0.9999998807907104, 2.9802322387695312e-8, 0), (-7.078051567077637e-7, 0, 1, 0), (1.4901161193847656e-8, 0.3012542128562927, -1.4901161193847656e-8, 0.9999999403953552) ), ( (2.0341377648946946e-7, 2.1316282072803006e-14, -1, 0), (0.9999999403953552, 1.9470719792025193e-7, 1.8600039197735896e-7, 0), (1.9470719792025193e-7, -1, 1.4210854715202004e-14, 0), (0, -5.960464477539063e-8, 0, 1) ), ( (1, 1.8524334423710744e-14, 2.005876353905478e-9, 0), (-3.355241499675317e-14, 1, 2.957278866233537e-9, 0), (-2.0058692484781204e-9, -2.957278866233537e-9, 1, 0), (0, 0.2927667200565338, 1.4901161193847656e-8, 1) ), ( (3.1391635957334074e-7, 0, -0.9999999403953552, 0), (-8.74227694680485e-8, -0.9999999403953552, -3.552713678800501e-14, 0), (-0.9999999403953552, 8.742277657347586e-8, -3.139164164167596e-7, 0), (-0.6179578304290771, -0.5867006778717041, 0.006417825818061829, 1) ), ( (1, 0, -1.7187579213606002e-13, 0), (7.105427357601002e-15, 1, 1.6270179870048196e-8, 0), (1.7013719263731658e-13, -1.6270178093691356e-8, 1, 0), (1.4901161193847656e-8, 0.33681583404541016, 2.9802322387695312e-8, 1) ), ( (-5.205484399084526e-7, 0.9999998211860657, -1.0895001167909868e-7, 0), (-7.750371366910258e-8, -1.089500756279449e-7, -0.9999999403953552, 0), (-0.9999998211860657, -5.205484399084526e-7, 6.323278256559206e-8, 0), (-0.19494107365608215, 0.12214531004428864, 0.19320479035377502, 1) ), ( (0.00045368613791652024, -0.03169255703687668, 0.9994975328445435, 0), (-0.9999996423721313, 0.000868203875143081, 0.0004815538413822651, 0), (-0.0008830292499624193, -0.9994972348213196, -0.03169214352965355, 0), (0.07953040301799774, 0.17990142107009888, 0.02224038541316986, 1) ), ( (-0.9785490036010742, 0.2036343514919281, 0.0312054380774498, 0), (-0.20355913043022156, -0.9790467023849487, 0.0056027318350970745, 0), (0.031692471355199814, -0.0008696011500433087, 0.9994973540306091, 0), (0.028676271438598633, 0.315609872341156, -0.0007833996787667274, 1) ), ( (0.995849609375, 0.04945017024874687, -0.07640738785266876, 0), (-0.006046127527952194, -0.8017207980155945, -0.5976682901382446, 0), (-0.09081225842237473, 0.5956498384475708, -0.798095166683197, 0), (0.0018214434385299683, 0.2415217161178589, 0.18004998564720154, 1) ), ( (0.9999999403953552, 0, 2.60770320892334e-8, 0), (-3.725290298461914e-9, 1, 0, 0), (-2.60770320892334e-8, 2.9802322387695312e-8, 0.9999999403953552, 0), (0, 0.3012542128562927, 0, 1) ), ( (2.0341389017630718e-7, 2.842170943040401e-14, -1, 0), (1.0000001192092896, 1.9470721213110664e-7, 1.8600044882077782e-7, 0), (1.9470721213110664e-7, -1, 7.105427357601002e-15, 0), (1.4901161193847656e-8, -5.960464477539063e-8, 1.4901161193847656e-8, 1) ), ( (1, -3.8251414974941125e-14, 2.0058692484781204e-9, 0), (-3.35524048323578e-14, 1, 3.142872628814075e-9, 0), (-2.005862143050763e-9, -3.142872628814075e-9, 1, 0), (-1.4901161193847656e-8, 0.2927667200565338, 2.9802322387695312e-8, 1) ), ( (3.1391647326017846e-7, 7.105427357601002e-15, -1, 0), (-8.74227694680485e-8, -1, -4.263256414560601e-14, 0), (-1, 8.742277657347586e-8, -3.139165301035973e-7, 0), (-0.6179578304290771, -0.5867006778717041, 0.025297358632087708, 1) ), ( (1, 0, -5.820464824089072e-14, 0), (7.105427357601002e-15, 1, 1.64557540927035e-8, 0), (5.645036169196413e-14, -1.64557540927035e-8, 1, 0), (-2.9802322387695312e-8, 0.3368157148361206, 2.9802322387695312e-8, 1) ), ( (-0.9999957084655762, -0.00018602919590193778, -0.0028862040489912033, 0), (0.0028862033504992723, 4.213837314637203e-7, -0.999995768070221, 0), (0.00018602993804961443, -1, 9.109557197461982e-8, 0), (-0.0009879873832687736, -0.05790501832962036, 1.238116979598999, 1) ), ( (-0.9999958872795105, 0.00288620893843472, 0.0001860287884483114, 0), (-0.00288620893843472, -0.9999958276748657, 2.5920394364220556e-7, 0), (0.00018602875934448093, -2.777151166810654e-7, 1, 0), (0.0004645991139113903, 0.32195109128952026, -4.0978193283081055e-8, 1) ), ( (1.0000040531158447, -1.772454538695456e-8, 2.0691549806883813e-8, 0), (1.9885030511090918e-8, 0.9939783811569214, -0.10957611352205276, 0), (-1.8624691122681725e-8, 0.10957613587379456, 0.9939785003662109, 0), (-5.820766091346741e-11, 0.32195180654525757, -3.725290298461914e-9, 1) ), ( (1, 9.6626209256101e-9, -2.559259257850499e-7, 0), (-2.085659644990301e-8, 0.9990413188934326, -0.043775275349617004, 0), (2.5525758928779396e-7, 0.04377530515193939, 0.9990413784980774, 0), (-5.820766091346741e-11, 0.3192211389541626, 1.4901161193847656e-8, 1) ), ( (1, -2.0175860981908045e-11, 2.3759503164910711e-7, 0), (-3.6328003716334933e-8, 0.9882287979125977, 0.15298274159431458, 0), (-2.3480131972064555e-7, -0.15298274159431458, 0.9882287383079529, 0), (0, 0.19598305225372314, 5.960464477539063e-8, 1) ), ( (1, 4.2778388831266057e-8, -2.3552998129616753e-7, 0), (2.361222328772783e-11, 0.9838854670524597, 0.17879951000213623, 0), (2.3938332560646813e-7, -0.17879951000213623, 0.9838855266571045, 0), (0, 0.20899081230163574, -4.656612873077393e-10, 1) ), ( (1.0000040531158447, 9.57900425646585e-12, 2.393117028987035e-7, 0), (3.954666283334518e-8, 0.9862446188926697, -0.16529184579849243, 0), (-2.3602063947691931e-7, 0.1652919352054596, 0.9862449765205383, 0), (-5.820766091346741e-11, 0.1874697208404541, 0, 1) ), ( (1, 0, -3.7490843762810755e-14, 0), (4.440892098500626e-16, 0.9999999403953552, 8.381903171539307e-9, 0), (3.755329380794592e-14, -7.450580596923828e-9, 0.9999999403953552, 0), (5.820766091346741e-11, 1.3440704345703125, 4.889443516731262e-9, 1) ), ( (0.061472825706005096, 0.008687540888786316, 0.9980708956718445, 0), (0.9553331136703491, -0.2901158928871155, -0.056315381079912186, 0), (0.28906700015068054, 0.9569519758224487, -0.02613373100757599, 0), (0.08828040957450867, 0.2192082405090332, 0.06496105343103409, 1) ), ( (-0.019321259111166, 0.15611515939235687, -0.9875504970550537, 0), (0.018533166497945786, 0.9876168370246887, 0.15576310455799103, 0), (0.9996486902236938, -0.01529301144182682, -0.021975532174110413, 0), (7.450580596923828e-9, 0.2588023543357849, -2.384185791015625e-7, 1.0000001192092896) ), ( (0.9984085559844971, 0.046654216945171356, -0.03168155252933502, 0), (-0.044003404676914215, 0.995842456817627, 0.0797591581940651, 0), (0.035270947962999344, -0.07823814451694489, 0.9963106513023376, 0), (-3.5762786865234375e-7, 0.30328232049942017, -1.4901161193847656e-8, 1.0000001192092896) ), ( (-0.030331682413816452, -0.03388814255595207, -0.9989650845527649, 0), (0.022445186972618103, 0.9991499185562134, -0.034575916826725006, 0), (0.9992877840995789, -0.023470692336559296, -0.02954528108239174, 0), (0, 0.32468026876449585, 1.1175870895385742e-8, 1) ), ( (0.9904824495315552, 0.013349419459700584, 0.1369888186454773, 0), (-0.02610138989984989, 0.995442807674408, 0.09171837568283081, 0), (-0.13514015078544617, -0.09442105144262314, 0.9863172173500061, 0), (0, 0.12315773963928223, 0, 1) ), ( (0.9911121726036072, 0.06356947124004364, -0.11685790121555328, 0), (-0.0470879003405571, 0.9892076849937439, 0.1387498825788498, 0), (0.12441697716712952, -0.13201400637626648, 0.9834092259407043, 0), (1.4901161193847656e-8, 0.12974977493286133, 1.1920928955078125e-7, 1) ), ( (0.9971104860305786, 0.03378703445196152, 0.06803736835718155, 0), (-0.037853896617889404, 0.9975166916847229, 0.05939933657646179, 0), (-0.06586147844791412, -0.061803221702575684, 0.9959133863449097, 0), (-7.450580596923828e-9, 0.10245668888092041, -4.76837158203125e-7, 1.0000001192092896) ), ( (0.9999999403953552, -2.7939677238464355e-8, 1.862645149230957e-8, 0), (3.725290298461914e-8, 1, -2.9802322387695312e-8, 0), (-1.862645149230957e-8, -2.9802322387695312e-8, 1, 0), (-5.820766091346741e-10, 0.13134944438934326, 0, 1) ), ( (-0.20819304883480072, 0.012542083859443665, -0.9780071973800659, 0), (-0.8981245160102844, 0.39352747797966003, 0.19623467326164246, 0), (0.38733404874801636, 0.9192271828651428, -0.07066535204648972, 0), (-0.09422393143177032, 0.07018923759460449, 0.02420330047607422, 1) ), ( (0.999640166759491, -0.020238637924194336, 0.017602555453777313, 0), (0.013513803482055664, 0.9468952417373657, 0.3212583065032959, 0), (-0.023169633001089096, -0.32090485095977783, 0.9468278884887695, 0), (-2.384185791015625e-7, 0.10601912438869476, -5.960464477539063e-8, 1) ), ( (0.9999999403953552, 0, -3.725290298461914e-9, 0), (2.9802322387695312e-8, 0.9999999403953552, 3.725290298461914e-9, 0), (1.4901161193847656e-8, -3.725290298461914e-9, 1, 0), (0, 0.12177696824073792, -5.960464477539063e-8, 1) ), ( (0.06147322058677673, -0.3814694285392761, 0.9223353266716003, 0), (-0.9553338289260864, -0.29011431336402893, -0.05631580203771591, 0), (0.28906533122062683, -0.8776758909225464, -0.38226476311683655, 0), (-0.08828040957450867, 0.2192082405090332, 0.06496106088161469, 1) ), ( (-0.8593847155570984, 0.036945659667253494, 0.5100066065788269, 0), (-0.04645649716258049, 0.9876166582107544, -0.1498258411884308, 0), (-0.5092253684997559, -0.152450829744339, -0.8470245599746704, 0), (5.960464477539063e-8, 0.25880229473114014, 0, 0.9999999403953552) ), ( (0.957129955291748, 0.0726824551820755, 0.28039121627807617, 0), (-0.08512325584888458, 0.9958420991897583, 0.03243238478899002, 0), (-0.27686822414398193, -0.0549098402261734, 0.9593376517295837, 0), (8.940696716308594e-8, 0.3032822608947754, -2.384185791015625e-7, 1.0000001192092896) ), ( (0.9707653522491455, -0.03720478713512421, -0.23712831735610962, 0), (0.0319213941693306, 0.9991500377655029, -0.026082880795001984, 0), (0.23789718747138977, 0.01775088906288147, 0.9711279273033142, 0), (5.960464477539063e-8, 0.324680358171463, 4.76837158203125e-7, 1.0000001192092896) ), ( (0.984771192073822, 0.027318671345710754, 0.17169752717018127, 0), (-0.011101646348834038, 0.9954431056976318, -0.09471075236797333, 0), (-0.17350244522094727, 0.09136228263378143, 0.9805867671966553, 0), (-2.9802322387695312e-8, 0.12315750122070312, 2.384185791015625e-7, 1) ), ( (0.987579882144928, 0.0474911630153656, -0.1497681736946106, 0), (-0.06730687618255615, 0.9892078638076782, -0.130149707198143, 0), (0.1419709324836731, 0.13861365616321564, 0.9801186323165894, 0), (-5.960464477539063e-8, 0.12975013256072998, -1.1920928955078125e-7, 1.0000001192092896) ), ( (0.9979626536369324, 0.034002598375082016, 0.053986191749572754, 0), (-0.030554290860891342, 0.9975162744522095, -0.06346273422241211, 0), (-0.05601000040769577, 0.06168395280838013, 0.9965230822563171, 0), (2.9802322387695312e-8, 0.10245651006698608, -4.76837158203125e-7, 1.0000001192092896) ), ( (0.9999999403953552, -2.7939677238464355e-8, 3.725290298461914e-9, 0), (3.91155481338501e-8, 1, -5.960464477539063e-8, 0), (-3.725290298461914e-9, 5.960464477539063e-8, 1, 0), (9.778887033462524e-9, 0.1313496232032776, 0, 1) ), ( (-0.4457327127456665, -0.22629758715629578, 0.8660897016525269, 0), (-0.855197548866272, 0.39352723956108093, -0.33730366826057434, 0), (-0.2644990086555481, -0.8910251259803772, -0.3689371347427368, 0), (-0.08914221823215485, 0.07018911838531494, -0.038956403732299805, 1) ), ( (0.9950580596923828, 0.08865940570831299, 0.04470795392990112, 0), (-0.07027029991149902, 0.9468944668769836, -0.3137708902359009, 0), (-0.07015243172645569, 0.3090786635875702, 0.9484453201293945, 0), (0, 0.10601915419101715, 0, 1) ), ( (1, 4.470348358154297e-8, 2.384185791015625e-7, 0), (0, 0.9999999403953552, -2.2351741790771484e-8, 0), (-2.682209014892578e-7, -3.725290298461914e-8, 1, 0), (-1.1920928955078125e-7, 0.12177702784538269, -1.1920928955078125e-7, 1) ), ( (0.99985271692276, 0.014135587960481644, -0.008641031570732594, 0), (0.01377167273312807, -0.9990664124488831, -0.04093032702803612, 0), (-0.00920850783586502, 0.04080623388290405, -0.9991204142570496, 0), (0.18818756937980652, 0.08092063665390015, 0.002591252326965332, 1) ), ( (0.9966214299201965, 0.020409736782312393, -0.07956455647945404, 0), (0.009804022498428822, 0.9321575164794922, 0.3619197905063629, 0), (0.08155333250761032, -0.3614768087863922, 0.9288071990013123, 0), (-2.9802322387695312e-8, 0.4256324768066406, -5.587935447692871e-9, 1) ), ( (0.9733535051345825, -0.052986472845077515, 0.22310258448123932, 0), (0.22928905487060547, 0.23772066831588745, -0.9438856244087219, 0), (-0.0030228937976062298, 0.9698852300643921, 0.24353426694869995, 0), (2.9802322387695312e-8, 0.413207471370697, -2.9802322387695312e-8, 1) ), ( (-0.9915443658828735, -0.06386730074882507, -0.11296249181032181, 0), (0.011324042454361916, 0.8245939612388611, -0.5656116008758545, 0), (0.1292722523212433, -0.5621081590652466, -0.8168982267379761, 0), (0, 0.3012544512748718, 3.725290298461914e-8, 1) ), ( (1, 8.551069186069071e-9, -0.00000284792622551322, 0), (-1.75605237018317e-8, 0.9999999403953552, -8.195638656616211e-8, 0), (0.0000028472713893279433, 8.195638656616211e-8, 1, 0), (-1.4901161193847656e-8, 0.19259393215179443, 0, 0.9999999403953552) ), ( (0.99764484167099, -0.03249439597129822, 0.060312699526548386, 0), (-0.03000948391854763, -0.9986811876296997, -0.041650645434856415, 0), (0.06158994138240814, 0.03974200785160065, -0.9973079562187195, 0), (-0.18818756937980652, 0.08092069625854492, 0.002591252326965332, 1) ), ( (0.9997400045394897, -0.02077508345246315, -0.00935475341975689, 0), (0.022753339260816574, 0.93168705701828, 0.3625481128692627, 0), (0.0011837324127554893, -0.36266669631004333, 0.9319174885749817, 0), (-4.470348358154297e-8, 0.42563241720199585, 1.4901161193847656e-8, 1) ), ( (0.9943498969078064, 0.024523183703422546, -0.10331164300441742, 0), (-0.10618161410093307, 0.2324322760105133, -0.9667996168136597, 0), (0.00030395109206438065, 0.9722998738288879, 0.23372119665145874, 0), (4.470348358154297e-8, 0.41320720314979553, -2.9802322387695312e-8, 1) ), ( (-0.9975263476371765, 0.05844416096806526, 0.03905908018350601, 0), (0.026184406131505966, 0.8245934844017029, -0.5651193261146545, 0), (-0.06523577868938446, -0.5626985430717468, -0.8240839838981628, 0), (1.4901161193847656e-8, 0.30125391483306885, 0, 1) ), ( (1.0000001192092896, -1.280568540096283e-8, 0.0000034580007195472717, 0), (1.414446160197258e-8, 1, -8.195638656616211e-8, 0), (-0.0000034570693969726562, 7.82310962677002e-8, 1, 0), (-1.4901161193847656e-8, 0.19259333610534668, 1.862645149230957e-9, 1) )]
        }

        def Xform "characterSmall"
        {
            custom string userProperties:blender:object_name = "characterSmall"
            float3 xformOp:rotateXYZ = (-0.000009334668, -2.7487394e-7, 2.2525372e-21)
            float3 xformOp:scale = (1, 1, 1)
            double3 xformOp:translate = (0, 0, 0)
            uniform token[] xformOpOrder = ["xformOp:translate", "xformOp:rotateXYZ", "xformOp:scale"]

            def Mesh "characterSmall" (
                active = true
                prepend apiSchemas = ["MaterialBindingAPI", "SkelBindingAPI"]
            )
            {
                uniform bool doubleSided = 1
                float3[] extent = [(-1.4347994, -0.6735151, -0.00031862114), (1.4338146, 0.7037855, 3.5825994)]
                int[] faceVertexCounts = [4, 4, 4, 4, 4, 4, 4, 4, 4, 4, 4, 4, 4, 4, 4, 4, 4, 4, 4, 4, 4, 4, 4, 4, 4, 4, 4, 4, 4, 4, 4, 4, 4, 4, 4, 4, 4, 4, 4, 4, 4, 4, 4, 4, 4, 4, 4, 4, 4, 4, 4, 4, 4, 4, 4, 4, 4, 4, 4, 4, 4, 4, 4, 4, 4, 4, 4, 4, 4, 4, 4, 4, 4, 4, 4, 3, 3, 4, 4, 4, 4, 4, 4, 4, 4, 4, 4, 4, 4, 4, 4, 4, 4, 4, 4, 4, 4, 4, 4, 4, 4, 4, 4, 4, 4, 3, 3, 4, 4, 4, 4, 4, 4, 4, 4, 4, 4, 4, 4, 4, 4, 4, 4, 4, 4, 4, 4, 4, 4, 4, 4, 4, 4, 4, 4, 4, 4, 4, 4, 4, 4, 4, 4, 4, 4, 4, 4, 4, 3, 3, 4, 4, 4, 4, 4, 4, 4, 4, 4, 4, 4, 4, 4, 4, 4, 4, 4, 4, 4, 4, 4, 4, 4, 4, 4, 4, 4, 4, 4, 4, 4, 4, 4, 4, 4, 4, 4, 4, 4, 4, 4, 4, 4, 4, 4, 4, 4, 4, 4, 4, 4, 4, 4, 4, 4, 4, 4, 4, 4, 4, 4, 4, 4, 4, 4, 4, 4, 4, 4, 4, 4, 4, 4, 4, 4, 4, 4, 4, 4, 4, 4, 4, 4, 4, 4, 4, 4, 4, 4, 4, 4, 4, 4, 4, 4, 4, 4, 4, 4, 4, 4, 4, 4, 4, 4, 4, 4, 4, 4, 4, 4, 4, 4, 4, 4, 4, 4, 4, 4, 4, 4, 4, 4, 4, 4, 4, 4, 4, 4, 4, 4, 4, 4, 4, 4, 4, 4, 4, 4, 4, 4, 4, 4, 4, 4, 4, 4, 4, 4, 4, 4, 4, 4, 4, 4, 4, 4, 4, 4, 4, 4, 4, 4, 4, 4, 4, 4, 4, 4, 4, 4, 4, 4, 4, 3, 3, 4, 4, 4, 4, 4, 3, 4, 4, 4, 4, 4, 4, 4, 4, 4, 4, 4, 4, 4, 4, 3, 3, 3, 4, 4, 4, 4, 4, 4, 4, 4, 4, 4, 4, 4, 4, 4, 4, 4, 4, 4, 4, 4, 4, 4, 4, 4, 4, 4, 4, 4, 4, 4, 4, 4, 4, 4, 4, 4, 4, 4, 4, 4, 4, 4, 4, 4, 4, 4, 4, 4, 4, 4, 4, 4, 4, 4, 4, 4, 4, 4, 4, 4, 4, 4, 4, 4, 4, 4, 4, 4, 4, 4, 4, 4, 4, 4, 4, 3, 3, 4, 4, 4, 4, 4, 4, 4, 4, 4, 4, 4, 4, 4, 4, 4, 4, 4, 4, 4, 4, 4, 4, 4, 4, 4, 4, 4, 4, 3, 3, 4, 4, 4, 4, 4, 4, 4, 4, 4, 4, 4, 4, 4, 4, 4, 4, 4, 4, 4, 4, 4, 4, 4, 4, 4, 4, 4, 4, 4, 4, 4, 4, 4, 4, 4, 4, 4, 4, 4, 4, 4, 3, 3, 4, 4, 4, 4, 4, 4, 4, 4, 4, 4, 4, 4, 4, 4, 4, 4, 4, 4, 4, 4, 4, 4, 4, 4, 4, 4, 4, 4, 4, 4, 4, 4, 4, 4, 4, 4, 4, 4, 4, 4, 4, 4, 4, 4, 4, 4, 4, 4, 4, 4, 4, 4, 4, 4, 4, 4, 4, 4, 4, 4, 4, 4, 4, 4, 4, 4, 4, 4, 4, 4, 4, 4, 4, 4, 4, 4, 4, 4, 4, 4, 4, 4, 4, 4, 4, 4, 4, 4, 4, 4, 4, 4, 4, 4, 4, 4, 4, 4, 4, 4, 4, 4, 4, 4, 4, 4, 4, 4, 4, 4, 4, 4, 4, 4, 4, 4, 4, 4, 4, 4, 4, 4, 4, 4, 4, 4, 4, 4, 4, 4, 4, 4, 4, 4, 4, 4, 4, 4, 4, 4, 4, 4, 4, 4, 4, 4, 4, 4, 4, 4, 4, 4, 4, 4, 4, 4, 4, 4, 4, 4, 4, 4, 4, 4, 4, 4, 4, 4, 4, 4, 4, 4, 4, 4, 3, 3, 4, 4, 4, 4, 4, 3, 4, 4, 4, 4, 4, 4, 4, 4, 4, 4, 4, 4, 4, 4, 3, 3, 3, 4, 4, 4, 4, 4, 4, 4, 4, 4, 4, 4, 4, 4, 4, 4, 4, 4, 4, 4, 4, 4, 4, 4, 4, 4, 4, 4, 4, 4, 4, 4, 4, 4, 4, 3, 4, 4, 3, 4, 4, 4, 4, 3, 4, 4, 3, 4, 4, 4, 4, 4, 4, 4, 4, 4, 4, 4, 4, 4, 4, 4, 4, 3, 4, 4, 3, 4, 4, 4, 4, 3, 4, 4, 3, 4, 4, 3, 3, 3, 3, 4, 4, 4, 4, 4, 4, 4, 4, 4, 4, 4, 4, 4, 4, 4, 4]
